5	4017
5	1816
5	2278
5	5351
5	4562
5	2996
5	1454
5	1581
5	3837
5	2955
5	4837
5	2341
5	1019
5	5673
5	1403
5	3239
5	930
5	2654
5	1438
5	4525
5	3317
5	1598
5	1739
5	2493
5	760
5	5970
5	1459
5	845
5	5757
5	4305
5	5191
5	5168
5	5120
5	3412
5	2072
5	5069
5	2256
320	2006
320	1933
320	6089
320	4794
320	5351
320	3465
320	2414
320	600
320	905
320	2052
320	1445
320	2806
320	5017
320	3569
320	3295
320	5270
320	1019
320	2160
320	3255
320	3702
320	3200
320	1930
320	2785
320	3274
320	4607
320	5584
320	2409
320	4960
320	5030
320	2607
320	5112
320	3454
320	2794
320	659
320	2433
320	3627
320	5757
320	526
320	3012
320	6010
320	5640
320	4558
320	1338
320	428
320	5381
320	775
320	6002
320	4305
320	2772
320	5168
320	1600
320	5853
320	1731
320	151
320	3057
320	2419
320	4978
320	3273
320	4731
320	149
320	2256
320	5482
196	1339
196	482
196	6070
196	3666
196	175
196	22
196	824
196	1204
196	3625
196	581
196	3453
196	467
196	1591
196	3049
463	4319
463	2877
463	1384
463	4786
463	4794
463	321
463	2436
463	5052
463	1366
463	5351
463	3431
463	4393
463	3940
463	3739
463	1581
463	5715
463	4560
463	31
463	4360
463	2723
463	3670
463	87
463	3569
463	4176
463	1026
463	3433
463	2341
463	5527
463	2932
463	4343
463	2767
463	4519
463	5295
463	5673
463	2437
463	3702
463	3678
463	3200
463	1930
463	3274
463	5798
463	42
463	4481
463	817
463	4051
463	1841
463	2276
463	2224
463	4233
463	2851
463	1382
463	2134
463	3471
463	513
463	194
463	5350
463	4278
463	3561
463	3120
463	2936
463	3806
463	4474
463	1679
463	2999
463	760
463	4792
463	3627
463	4495
463	2690
463	4247
463	4602
463	5757
463	1961
463	3296
463	2881
463	386
463	2781
463	5381
463	2479
463	5546
463	917
463	4777
463	4305
463	4891
463	3872
463	5168
463	1600
463	1554
463	1448
463	4909
463	1028
463	4329
463	5015
463	3273
463	730
463	2924
463	1654
463	5840
463	2256
184	4017
184	257
184	3246
184	2342
184	3431
184	5774
184	4153
184	4685
184	5935
184	5786
184	2414
184	600
184	5297
184	2068
184	915
184	2652
184	800
184	5214
184	4237
184	3085
184	5150
184	5017
184	4359
184	1950
184	584
184	1518
184	2341
184	4511
184	5527
184	4046
184	934
184	2160
184	5847
184	3678
184	15
184	3274
184	2817
184	3676
184	3259
184	817
184	4051
184	3700
184	2731
184	4563
184	194
184	2970
184	2593
184	2654
184	1438
184	4525
184	3317
184	1598
184	3997
184	749
184	1626
184	5555
184	2265
184	4831
184	3457
184	305
184	3478
184	4541
184	6014
184	3043
184	1009
184	4293
184	3987
184	2694
184	760
184	2945
184	4792
184	6098
184	4045
184	3627
184	384
184	4008
184	4512
184	1904
184	6002
184	3868
184	741
184	5860
184	2235
184	294
184	6060
184	1554
184	4814
184	2230
184	3991
184	420
184	4453
184	1149
184	2110
184	4731
184	4313
535	5950
535	380
535	2296
535	1856
535	3780
535	5202
535	782
535	175
535	5247
535	5872
535	487
535	960
535	820
582	3639
582	2522
582	5527
582	1019
582	3274
582	4621
582	4051
582	3094
582	194
582	181
582	1232
582	173
582	2827
582	1096
582	1874
582	3627
582	4530
582	5428
582	1527
582	2939
582	940
582	5644
582	12
582	542
582	6003
582	5090
582	5936
582	4586
582	71
582	532
582	1554
582	420
582	4194
582	137
582	4041
582	907
582	4655
582	5074
386	5137
386	2006
386	5964
386	2342
386	5351
386	1492
386	2014
386	3482
386	4756
386	4360
386	3643
386	87
386	4176
386	2343
386	726
386	3274
386	3946
386	119
386	1530
386	5030
386	2607
386	183
386	4783
386	2745
386	373
386	2794
386	4410
386	3242
386	5862
386	1649
386	1696
386	5625
386	4217
386	4315
386	970
386	1289
386	1014
386	3627
386	4435
386	132
386	5760
386	3396
386	5757
386	5198
386	3694
386	982
386	2881
386	5782
386	2479
386	5546
386	3520
386	4305
386	5168
386	697
386	1510
386	420
386	3683
386	1843
386	4948
386	2284
386	2104
386	149
386	2256
254	4894
672	4319
672	2877
672	2414
672	600
672	2038
672	4560
672	3837
672	2955
672	1026
672	1019
672	5673
672	2936
672	3258
672	386
672	4891
672	3412
672	5015
672	730
672	2924
672	1654
672	5840
264	3290
264	358
264	2014
264	3482
264	3643
264	4837
264	3946
264	4310
264	3699
264	4987
264	1014
264	132
264	5782
318	5017
318	2160
318	3883
318	312
318	5076
318	6002
318	2429
318	4478
318	4731
139	943
139	3702
139	3274
139	1259
139	1424
139	3627
139	1805
139	1682
139	5444
11	2888
11	437
11	5064
114	4232
114	4685
114	2014
114	3482
114	4683
114	1417
114	5791
114	5515
114	2341
114	3883
114	2785
114	3274
114	5584
114	3634
114	1652
114	760
114	3627
114	3605
114	2561
114	3714
114	2462
114	3823
114	4959
114	1863
114	1094
114	5219
114	428
114	3687
114	6072
114	1893
304	2515
304	308
304	358
304	2014
304	3482
304	2150
304	1891
304	4343
304	3259
304	733
304	122
304	5114
304	3981
595	5227
595	5390
595	4104
595	5351
595	3431
595	1492
595	288
595	1245
595	5297
595	613
595	4114
595	4301
595	4237
595	2337
595	2343
595	1675
595	4949
595	5527
595	934
595	1019
595	2565
595	5295
595	3678
595	258
595	3274
595	3259
595	4051
595	4172
595	2541
595	1567
595	3471
595	194
595	2970
595	4115
595	2593
595	1786
595	1765
595	953
595	664
595	693
595	4003
595	4792
595	3627
595	4748
595	384
595	1178
595	2917
595	2184
595	5070
595	5757
595	4512
595	5903
595	5024
595	2630
595	4305
595	5860
595	2235
595	4088
595	1333
595	5168
595	4398
595	2204
595	1554
595	3222
595	5055
595	3129
595	420
595	3293
595	1318
595	3121
595	2256
595	4122
488	934
488	3457
488	4293
488	3987
488	1904
488	741
488	2302
168	3578
168	613
168	4237
168	3739
168	1051
168	3678
168	1125
168	3417
168	2483
168	5991
168	4792
168	3732
168	3414
168	172
168	725
168	3489
168	2885
168	3971
168	1272
168	676
168	417
168	1870
168	294
168	2554
168	2156
168	2423
221	4794
221	3806
221	4602
221	1600
355	1675
355	6113
355	307
355	2391
355	3237
355	2478
355	1722
355	4009
355	5945
355	3844
355	403
355	4632
355	3300
355	3062
355	2333
355	4382
85	4786
85	2938
85	3198
85	26
85	397
85	3789
85	1509
295	5214
295	4237
295	6046
295	2900
295	484
295	3287
295	4918
295	173
295	5991
295	2694
295	725
295	4223
295	294
295	2156
295	2423
295	2719
242	2414
242	600
242	5489
242	1770
242	4500
242	5758
242	2179
242	236
242	4467
242	1147
242	4116
242	3426
242	649
242	1973
242	3933
61	5351
61	3431
61	5692
61	1492
61	5935
61	613
61	2014
61	3482
61	1155
61	6045
61	1905
61	4046
61	4846
61	1145
61	5295
61	2395
61	3678
61	3274
61	3259
61	3471
61	2087
61	5220
61	2915
61	2875
61	6014
61	5301
61	3308
61	4003
61	4792
61	6098
61	3627
61	3698
61	5521
61	3598
61	5442
61	5757
61	2270
61	3687
61	6072
61	3868
61	4305
61	1604
61	5168
61	5680
61	5189
61	3234
61	5037
61	2055
61	1318
61	1797
61	2423
61	4731
61	3008
61	5363
61	1253
61	2256
61	2180
389	358
389	5390
389	5351
389	1492
389	1155
389	4237
389	4511
389	934
389	1019
389	1519
389	2395
389	3678
389	4268
389	3274
389	3457
389	497
389	6014
389	3043
389	5991
389	5301
389	4293
389	3987
389	4003
389	4792
389	6098
389	3627
389	5521
389	3598
389	725
389	5442
389	5757
389	2163
389	65
389	1904
389	3593
389	2270
389	3687
389	6072
389	4305
389	741
389	5168
389	1925
389	560
389	3225
389	5610
389	4766
389	2871
389	3603
389	2055
389	1318
389	2146
389	2423
389	3008
389	3050
389	2256
389	2180
584	3788
584	2038
584	1834
584	3258
584	279
335	5390
335	4104
335	288
335	2414
335	600
335	4096
335	3678
335	3259
335	194
335	4792
335	5079
335	786
335	3297
683	3006
683	4786
683	4839
683	1144
683	5618
683	4664
683	2035
683	3287
683	5581
683	5733
683	252
683	5589
683	51
683	3619
683	5841
683	4350
683	3732
683	5869
683	3952
683	5386
683	1061
683	4002
683	5701
310	4786
310	4562
310	5214
310	3837
310	2955
310	1905
310	4837
310	506
310	1215
310	3274
310	1728
310	2694
310	1330
310	3627
310	5191
310	294
310	4325
310	5234
310	3412
310	2156
310	2423
60	2414
60	1905
60	1215
60	312
60	5234
325	2414
80	4017
80	3824
80	2996
80	5214
80	1905
80	4511
80	5527
80	1215
80	297
80	2888
80	2789
80	1935
80	4051
80	2654
80	1438
80	4525
80	3317
80	1598
80	3043
80	2694
80	1459
80	5064
80	294
80	1554
80	5234
80	420
80	2368
2	1669
667	5774
667	5786
667	1403
667	235
667	2493
338	2296
338	288
338	3123
338	3310
338	4906
338	3643
338	6045
338	1905
338	2096
338	1215
338	5649
338	2151
338	3702
338	1403
338	4607
338	1856
338	3946
338	3849
338	3143
338	2878
338	2493
338	1014
338	2194
338	5855
338	1451
338	4239
338	5782
338	5234
338	420
338	2423
338	3434
338	3618
338	5482
274	3465
274	2150
274	3643
274	4607
274	3946
274	1014
274	5782
274	775
274	420
274	3981
274	5482
643	1905
643	5515
643	1215
643	5648
643	3699
643	1058
643	5544
643	5234
643	420
348	3837
348	2955
348	2096
348	4443
348	3412
348	1990
348	1633
332	2342
332	3616
332	3580
332	3259
332	374
332	3684
332	2100
332	5908
94	1492
94	4237
94	5515
94	5527
94	3274
94	4051
94	2970
94	2593
94	3627
94	384
94	4512
94	1554
231	5137
231	358
231	1144
231	2014
231	3482
231	1725
231	2565
231	4519
231	3259
231	5581
231	213
231	5589
231	3619
231	3260
231	437
231	5841
231	132
231	1146
231	3952
231	3073
231	2365
664	5351
664	3431
664	5295
664	3471
664	173
513	5390
513	4104
513	288
513	1242
513	613
513	3253
513	1905
513	6113
513	3237
513	3274
513	3367
513	1744
513	26
513	2624
513	4883
513	2205
513	312
513	194
513	5730
513	157
513	3627
513	766
513	5943
513	131
513	4258
513	5413
513	3412
513	781
513	5573
513	5281
513	4157
117	981
117	2723
117	1353
117	2565
117	4252
117	14
117	1687
117	4776
117	2816
117	3808
117	5436
133	5351
133	4930
133	217
133	5798
133	3969
133	3606
133	4616
133	4497
133	4526
126	943
126	1245
126	5715
126	2300
126	4553
126	4167
126	1259
126	5265
126	4284
126	3572
126	3344
126	1424
126	3138
126	2864
126	5454
126	869
126	1291
126	4447
126	1805
126	377
126	3872
126	1333
126	758
126	1704
126	16
126	1682
126	1753
126	5434
126	2397
126	2661
126	4850
126	1200
126	5444
126	6020
126	1970
126	4526
181	2414
181	600
181	5340
181	4077
181	3983
685	3290
685	4017
685	257
685	5308
685	2769
685	5351
685	3431
685	5774
685	6106
685	1245
685	3927
685	5935
685	789
685	5786
685	2414
685	600
685	2487
685	2052
685	4301
685	2843
685	4560
685	1791
685	4195
685	1950
685	1026
685	2341
685	5785
685	4511
685	934
685	1019
685	4663
685	2767
685	4519
685	1519
685	4800
685	2395
685	3678
685	3864
685	3274
685	4285
685	3259
685	2409
685	3700
685	5553
685	513
685	3699
685	3260
685	194
685	900
685	1322
685	2654
685	1438
685	4525
685	3317
685	1598
685	3997
685	749
685	1626
685	5555
685	2265
685	4831
685	3457
685	305
685	1538
685	5084
685	5675
685	4503
685	851
685	173
685	2936
685	3043
685	1765
685	4969
685	2883
685	4293
685	953
685	1056
685	3987
685	3597
685	5596
685	157
685	693
685	2251
685	2549
685	760
685	2433
685	941
685	2945
685	4792
685	4875
685	3627
685	3732
685	6064
685	1480
685	3854
685	2100
685	5521
685	3111
685	3525
685	5757
685	3559
685	4824
685	1904
685	4751
685	386
685	3687
685	6072
685	4305
685	4891
685	2772
685	741
685	5860
685	1333
685	5168
685	1998
685	2204
685	4302
685	3991
685	420
685	5122
685	3603
685	4015
685	5015
685	2419
685	4978
685	5717
685	2924
685	1654
685	1607
685	2256
548	5351
548	3431
548	6106
548	2414
548	1905
548	1019
548	213
548	3260
548	941
548	2100
548	845
548	2365
548	5860
548	2423
506	200
652	4560
652	5527
652	4051
652	173
652	386
652	4891
652	1554
652	5015
652	2924
652	1654
159	3502
159	288
159	1019
159	3260
159	3867
200	1799
200	5351
200	2414
200	3940
200	835
200	2150
200	5999
200	2355
200	2565
200	5278
200	3702
200	5450
200	4016
200	4252
200	4278
200	2748
200	3137
200	5370
200	5757
200	4305
200	5168
200	3981
200	2101
200	4776
200	2816
200	5823
200	3808
200	3432
200	5436
200	2256
191	2038
191	3258
289	3916
289	3519
289	3190
691	2278
691	3801
691	3732
691	5019
552	4017
552	2195
552	1384
552	6089
552	358
552	5351
552	5692
552	5774
552	5786
552	4206
552	3009
552	3642
552	3799
552	5527
552	934
552	2767
552	4720
552	3274
552	3259
552	4051
552	4158
552	2654
552	1438
552	4525
552	3317
552	1598
552	2087
552	5220
552	2915
552	2875
552	3457
552	4293
552	3987
552	1649
552	4977
552	4130
552	3627
552	2322
552	132
552	5757
552	4884
552	79
552	1904
552	4184
552	917
552	4777
552	4305
552	741
552	5759
552	5803
552	5168
552	1554
552	1292
552	2222
552	2363
552	5165
552	2256
323	5351
323	1420
323	5628
323	3739
323	5017
323	537
323	6045
323	1905
323	5077
323	2096
323	4511
323	2160
323	1471
323	1215
323	726
323	1744
323	4172
323	2541
323	2968
323	3043
323	4389
323	2849
323	3266
323	1330
323	4748
323	3732
323	387
323	5757
323	6002
323	3099
323	4305
323	5168
323	854
323	5234
323	4935
323	2222
323	5674
323	4731
323	439
323	111
323	2256
297	881
297	87
297	4820
297	2881
297	2479
297	1995
297	3948
297	2981
297	3226
431	5351
431	3431
431	4685
431	4560
431	1019
431	5295
431	3471
431	5757
431	386
431	4305
431	4891
431	5168
431	420
431	5015
431	2924
431	1654
431	2256
290	4685
290	173
554	4685
554	4164
554	4731
554	1482
396	173
130	4685
130	173
9	4685
246	5935
350	2515
350	308
350	2543
350	3465
350	4529
350	3925
350	3155
350	1144
350	3830
350	3569
350	4769
350	4511
350	5847
350	3200
350	1930
350	3274
350	4742
350	4252
350	5841
350	733
350	3043
350	3627
350	3952
350	122
350	5381
350	775
350	420
350	4776
350	3273
350	2816
350	3808
350	5436
512	2342
512	358
512	2074
512	1810
512	3515
512	3514
512	3259
512	3699
512	3959
512	5039
512	5422
512	420
512	755
512	4938
614	3507
614	358
614	2014
614	3482
614	3259
614	2028
614	1036
614	5282
614	4667
614	5713
614	5377
680	4252
680	4776
680	2816
680	3808
680	5436
82	5344
82	1679
82	392
82	1448
436	3416
354	5351
354	5757
354	279
354	4305
354	5168
354	2256
573	613
573	2767
573	3883
573	4285
573	3259
573	6056
491	4017
491	5569
491	3022
491	4786
491	5351
491	5692
491	4685
491	288
491	3171
491	2996
491	4560
491	87
491	5527
491	4046
491	4846
491	3244
491	2767
491	4664
491	5431
491	203
491	4051
491	51
491	194
491	317
491	2654
491	1438
491	4525
491	3317
491	1598
491	2087
491	5220
491	2915
491	2875
491	1359
491	3615
491	4968
491	139
491	2946
491	1459
491	5757
491	4613
491	4188
491	4428
491	2881
491	386
491	2479
491	1953
491	3868
491	4305
491	4891
491	5168
491	1554
491	420
491	5015
491	2924
491	1654
491	2256
299	5137
299	5390
299	4104
299	5351
299	288
299	1242
299	2414
299	600
299	613
299	3580
299	2052
299	1905
299	1019
299	3702
299	3678
299	3367
299	2409
299	26
299	4632
299	312
299	194
299	6014
299	157
299	4792
299	6098
299	3732
299	2100
299	3598
299	5757
299	2270
299	4305
299	2772
299	5860
299	5168
299	3412
299	3223
299	2419
299	4978
299	5281
299	2256
132	3470
132	3509
132	5935
132	3141
132	2323
132	664
132	840
132	3747
132	5771
132	3151
132	3446
132	1251
132	1534
132	2032
26	5351
26	2038
26	3258
26	5757
26	4305
26	5168
26	2256
53	5390
53	4104
53	2296
53	3502
53	288
53	2414
53	600
53	5527
53	1019
53	4669
53	3274
53	1162
53	5364
53	1856
53	4051
53	5250
53	3260
53	4115
53	1786
53	2385
53	827
53	3627
53	1178
53	5903
53	1554
53	1560
53	214
53	5541
53	4434
53	3965
67	2746
67	5618
67	4779
67	4623
67	3967
67	3274
67	958
67	5305
67	1531
67	4726
67	3627
67	3732
67	1838
67	5140
67	2441
67	195
67	3397
67	5987
67	5933
67	1083
67	3722
67	5183
67	4408
67	5594
67	4611
67	1369
67	4244
67	2755
277	2343
277	3837
277	2955
277	1905
277	1215
277	3274
277	2048
277	3627
277	5039
277	5234
277	3412
76	4017
76	3022
76	5964
76	4794
76	358
76	5390
76	4104
76	2422
76	2609
76	5351
76	3431
76	5692
76	5935
76	2960
76	4397
76	3171
76	2014
76	3482
76	3580
76	2175
76	371
76	3643
76	87
76	278
76	2343
76	2341
76	4511
76	4046
76	4846
76	3585
76	5847
76	1183
76	2565
76	2767
76	4519
76	726
76	1051
76	3702
76	482
76	1503
76	2395
76	3274
76	2091
76	5004
76	3259
76	61
76	3946
76	1861
76	3066
76	2654
76	1438
76	4525
76	3317
76	1598
76	2087
76	5220
76	2915
76	2875
76	183
76	173
76	3043
76	5558
76	1359
76	3242
76	5862
76	1649
76	1696
76	5625
76	4217
76	4315
76	970
76	1289
76	2944
76	1014
76	760
76	3627
76	2100
76	3615
76	5521
76	3598
76	1477
76	132
76	2946
76	5760
76	5757
76	2771
76	4613
76	4188
76	5198
76	3694
76	2881
76	2270
76	5782
76	2479
76	3687
76	6072
76	3868
76	4305
76	5168
76	1600
76	697
76	5989
76	6091
76	3005
76	2468
76	3152
76	420
76	777
76	5845
76	2256
76	1899
76	3439
76	77
412	4017
412	720
412	5964
412	943
412	5390
412	4104
412	5351
412	5692
412	1242
412	1144
412	2414
412	600
412	4397
412	540
412	3580
412	2038
412	3643
412	1299
412	4046
412	4846
412	934
412	3274
412	3259
412	3946
412	213
412	2654
412	1438
412	4525
412	3317
412	1598
412	2087
412	5220
412	2915
412	2875
412	183
412	3457
412	1424
412	5841
412	3258
412	4293
412	3987
412	3242
412	5862
412	1649
412	1696
412	5625
412	4217
412	4315
412	970
412	1289
412	1014
412	3627
412	2100
412	5760
412	977
412	3952
412	5757
412	5198
412	3694
412	1904
412	5782
412	3868
412	4305
412	2365
412	741
412	5168
412	697
412	3302
412	3152
412	1682
412	5444
412	2256
412	973
344	4232
344	5351
344	4683
344	2932
344	3287
344	3634
344	5757
344	4305
344	5168
344	2256
688	5803
688	1010
688	3574
579	3824
579	1417
579	3198
579	4742
579	3789
102	5351
102	4800
102	14
102	3732
102	5757
102	4305
102	5168
102	2256
3	2414
3	600
3	3274
3	3627
3	5039
1	3274
1	3627
487	5351
487	4519
487	3274
487	3627
487	5039
487	5757
487	4305
487	5168
487	2256
81	3274
81	3627
171	4562
171	3791
171	5952
171	4139
171	4804
171	3837
171	2955
171	1905
171	5077
171	506
171	1215
171	6024
171	2608
171	2373
171	1728
171	4252
171	784
171	5820
171	5695
171	3249
171	3063
171	5191
171	1087
171	5034
171	4325
171	4413
171	5234
171	3412
171	4776
171	2816
171	4561
171	3496
171	3808
171	5436
315	1580
315	3274
315	437
315	2386
315	2048
315	1189
315	4686
315	3979
315	3627
315	5039
315	11
315	4812
315	3104
225	2969
225	5351
225	5935
225	5618
225	3580
225	5077
225	4949
225	6113
225	3287
225	3967
225	3274
225	2851
225	2838
225	26
225	2624
225	4883
225	2205
225	958
225	300
225	1531
225	4726
225	2405
225	3308
225	1330
225	3627
225	3698
225	2100
225	5757
225	1134
225	4305
225	1901
225	4147
225	5168
225	5933
225	921
225	3722
225	131
225	4258
225	5413
225	420
225	2156
225	5183
225	2423
225	4244
225	2256
493	5351
493	5715
493	1905
493	5515
493	1215
493	1309
493	5757
493	4305
493	3872
493	5168
493	5234
493	2256
571	4114
571	2434
571	5017
571	2522
571	2160
571	1471
571	3883
571	4621
571	5403
571	3094
571	181
571	1232
571	4852
571	2827
571	1096
571	1874
571	4530
571	5428
571	1527
571	2939
571	940
571	5644
571	12
571	542
571	5959
571	6003
571	5090
571	5936
571	4586
571	714
571	6002
571	1998
571	4935
571	5139
571	6116
571	4194
571	4731
571	439
571	137
571	3540
571	4041
571	907
571	4655
571	5074
571	4922
36	5485
36	5603
36	2331
36	1073
36	381
36	5720
36	3016
36	1876
36	4670
36	1669
4	1259
4	1805
269	3894
269	1886
269	4930
269	4279
269	3274
269	1259
269	5265
269	1723
269	5184
269	5711
269	4378
269	1849
269	435
269	3627
269	1394
269	3779
269	4877
269	299
269	4690
269	1409
269	5803
269	952
269	4537
269	3134
269	1008
269	2856
269	5109
269	4853
12	2319
12	4054
12	948
12	3732
12	5803
12	1716
12	2895
12	2177
58	5113
58	1996
58	4797
58	682
265	5645
265	5894
265	5265
265	930
265	2331
265	3101
265	2649
265	381
265	5720
265	3732
265	3477
180	2489
180	5645
180	5144
180	5820
180	4447
180	5362
180	6066
180	3953
625	5351
625	4685
625	2773
625	1791
625	4195
625	2343
625	5785
625	4511
625	1403
625	5553
625	3043
625	2493
625	5757
625	4305
625	5168
625	420
625	2256
514	5404
514	3182
514	1905
514	1215
514	3274
514	26
514	3386
514	3627
514	5234
369	4232
369	4685
369	613
369	4683
369	783
369	4096
369	3702
369	3634
369	194
369	5079
601	5515
601	934
601	3457
601	4293
601	3987
601	2048
601	5039
601	2611
601	1904
601	4156
601	741
601	3449
601	457
345	2195
345	4055
345	5351
345	5935
345	1144
345	1156
345	2038
345	2434
345	4572
345	5212
345	100
345	4360
345	2522
345	5515
345	4511
345	3883
345	4742
345	4621
345	3776
345	5581
345	4275
345	5589
345	5403
345	4252
345	3619
345	666
345	3094
345	500
345	740
345	181
345	1232
345	4643
345	4852
345	3831
345	5841
345	1972
345	4671
345	1652
345	3043
345	3258
345	1432
345	2827
345	1096
345	1874
345	2828
345	4130
345	1969
345	292
345	1270
345	4530
345	5428
345	1527
345	2939
345	940
345	2572
345	5644
345	3952
345	5757
345	3605
345	2561
345	3714
345	12
345	542
345	5959
345	6003
345	5867
345	3943
345	2651
345	558
345	4309
345	5090
345	5936
345	4586
345	3216
345	1785
345	3220
345	2462
345	3823
345	4959
345	1863
345	1094
345	4305
345	5759
345	5168
345	766
345	5943
345	420
345	5210
345	4776
345	4194
345	2816
345	4267
345	137
345	4041
345	907
345	4655
345	5074
345	4157
345	3808
345	5436
345	2256
345	3423
345	2707
345	1504
485	1144
485	404
485	4868
485	2434
485	1546
485	5756
485	2341
485	4511
485	5626
485	258
485	5403
485	4252
485	4852
485	5841
485	3043
485	4226
485	760
485	132
485	3952
485	1734
485	5959
485	420
485	4776
485	2816
485	3808
485	5436
160	5214
160	4511
160	4252
160	3043
160	2694
160	294
160	4776
160	2816
160	3808
160	5436
378	2354
378	4560
378	31
378	3643
378	3678
378	3946
378	3806
378	750
378	1014
378	4792
378	2690
378	4602
378	386
378	5782
378	4891
378	4329
378	5015
378	2924
378	1654
55	3734
55	2038
55	2360
55	87
55	4014
55	4050
55	4421
55	3923
55	3258
55	175
55	6017
55	22
55	3876
55	2881
55	2479
55	3687
55	1493
55	6072
55	5498
55	5913
55	5942
55	3453
55	5666
55	5828
55	1428
55	323
55	2729
55	3049
55	326
478	1580
478	5351
478	3137
478	3913
478	2322
478	4585
478	1043
478	2058
478	2568
478	2588
478	405
478	1460
598	194
75	3482
75	483
75	5808
669	2414
631	1933
631	643
631	301
631	2344
631	1842
631	1728
631	227
631	367
631	3674
631	998
631	2813
631	4018
631	2589
631	4599
631	5060
631	2156
631	4141
631	1429
631	2423
631	3201
631	3612
631	3050
394	5743
394	1905
394	1335
394	780
394	1215
394	5552
394	3101
394	3658
394	1330
394	3732
394	539
394	5234
394	2156
394	416
394	5096
394	2423
394	3618
34	4786
34	5351
34	4562
34	5692
34	1782
34	190
34	4079
34	3569
34	506
34	4261
34	4046
34	4846
34	4199
34	1051
34	1129
34	443
34	2087
34	5220
34	2915
34	2875
34	2334
34	3598
34	5757
34	2270
34	3868
34	281
34	5191
34	5531
34	177
34	2368
110	5773
110	5137
110	943
110	2414
110	600
110	5715
110	4553
110	4047
110	2565
110	5265
110	2510
110	1140
110	1424
110	2331
110	381
110	5720
110	2864
110	5874
110	3111
110	3525
110	3872
110	2854
110	1377
110	5900
110	758
110	1682
110	4374
110	5125
110	3630
110	5444
110	2225
110	3049
112	4047
112	4511
112	5265
112	1140
112	2331
112	3043
112	2864
112	5874
112	2854
112	1377
112	758
112	1704
112	2994
112	4118
112	2739
112	2574
112	3445
112	2051
84	766
84	5943
84	4157
483	1905
483	1215
483	1723
483	3658
483	1394
483	3779
483	4877
483	299
483	4690
483	1409
483	6080
483	5650
483	5234
483	2192
483	2368
223	5390
223	4104
223	5351
223	6078
223	2096
223	26
223	1073
223	6074
223	420
223	4670
223	1893
223	815
372	5137
372	1443
372	2296
372	2096
372	1856
372	938
372	2962
372	3459
372	1073
372	5839
372	4289
372	3783
372	1122
372	4698
372	2865
372	2687
372	4670
372	2782
372	3280
174	2414
174	50
174	5527
174	1305
174	5513
174	4051
174	357
174	3538
174	722
174	3459
174	890
174	3863
174	1073
174	2078
174	5529
174	4796
174	1660
174	3840
174	771
174	4944
174	3418
174	714
174	5386
174	1554
174	1871
174	1074
174	450
174	4670
174	1669
174	53
174	3215
321	5709
321	943
321	358
321	1321
321	1144
321	2014
321	3253
321	3482
321	3832
321	2038
321	5999
321	4360
321	3301
321	1818
321	3982
321	5450
321	3274
321	3167
321	2825
321	776
321	3259
321	1361
321	213
321	1024
321	2158
321	1424
321	5841
321	2668
321	3258
321	6027
321	3318
321	3627
321	132
321	3016
321	3952
321	1981
321	2365
321	5006
321	4916
321	1565
321	1682
321	2209
321	5444
154	2414
438	943
438	1905
438	1215
438	397
438	2726
438	1424
438	5330
438	854
438	1509
438	5234
438	1682
438	5444
484	3800
484	1319
619	2341
619	760
619	710
619	2862
583	288
583	2038
583	3639
583	3259
583	3258
583	947
583	132
583	4605
583	4635
583	2156
583	2032
583	2423
583	3563
583	2741
479	5137
479	1492
479	288
479	2014
479	2038
479	5715
479	1244
479	2272
479	1026
479	4096
479	1019
479	2825
479	3259
479	2936
479	3258
479	3110
479	132
479	3491
479	3872
479	5079
479	1868
392	3800
392	1319
384	5351
384	1417
384	2150
384	5757
384	4305
384	5168
384	3981
384	2256
653	5351
653	800
653	934
653	3807
653	3457
653	4209
653	5301
653	4293
653	3987
653	5757
653	4008
653	1904
653	4305
653	741
653	5168
653	2256
19	3077
19	5964
19	358
19	5351
19	5692
19	2296
19	460
19	4685
19	5935
19	3465
19	4469
19	5810
19	2014
19	5214
19	1581
19	5715
19	619
19	2784
19	160
19	4360
19	5404
19	2948
19	901
19	5812
19	4646
19	2767
19	5673
19	3678
19	3274
19	1856
19	2672
19	213
19	4482
19	5194
19	2087
19	5220
19	2915
19	2875
19	183
19	4318
19	2516
19	173
19	2698
19	157
19	3242
19	5862
19	1696
19	5625
19	4217
19	4315
19	970
19	2694
19	1289
19	290
19	4792
19	3627
19	132
19	5760
19	1495
19	2551
19	5757
19	5198
19	3694
19	3353
19	3156
19	2131
19	3815
19	4446
19	4330
19	775
19	2457
19	4305
19	2365
19	230
19	3872
19	71
19	532
19	5168
19	294
19	697
19	3005
19	399
19	54
19	974
19	186
19	2256
19	1899
19	3439
19	77
426	3699
426	4731
426	23
461	3702
461	3274
461	194
461	3627
461	420
572	5935
517	1417
517	928
517	4176
517	1055
517	3259
517	2226
517	3503
517	1063
517	1756
517	822
517	5546
517	2298
439	4377
439	2038
439	4176
439	3295
439	3678
439	4719
439	3699
439	3258
439	4792
439	5546
439	2365
439	5154
439	2848
73	5351
73	1492
73	2150
73	3274
73	3627
73	3598
73	5757
73	2270
73	2457
73	4305
73	5168
73	3981
73	2256
469	4047
469	881
469	612
469	5515
469	5812
469	2997
427	3274
427	3627
549	2938
549	1417
549	721
549	199
549	2237
549	3445
549	570
549	1921
99	5417
99	5935
99	4261
99	4481
99	5120
393	2342
393	1581
393	4966
393	3732
393	2404
393	85
393	3157
654	5351
647	4047
647	3244
647	317
647	3173
613	5390
613	4104
613	1905
613	1019
613	1215
613	726
613	5234
639	4017
639	3580
639	2654
639	1438
639	4525
639	3317
639	1598
639	2100
639	6091
639	420
449	2414
291	521
291	363
229	2414
229	600
229	100
229	3435
229	5005
229	2947
229	385
229	2572
229	1214
229	4581
229	5867
229	3943
229	2651
229	558
229	837
229	1866
229	3687
229	6072
229	5210
645	3274
645	3627
361	1933
361	4786
361	1100
361	1842
361	3239
361	3459
361	655
361	3996
361	1907
361	2307
361	4796
361	1464
361	2957
361	5179
361	4928
361	3387
361	4680
361	5343
49	5351
49	5774
49	4685
49	789
49	5786
49	5214
49	4511
49	5741
49	5502
49	4419
49	5324
49	2386
49	3043
49	3680
49	3172
49	1514
49	3187
49	5664
49	4686
49	2694
49	336
49	3979
49	2569
49	5081
49	2665
49	2894
49	2092
49	1668
49	4939
49	895
49	1815
49	906
49	2155
49	2443
49	5757
49	11
49	4373
49	3524
49	2362
49	2371
49	440
49	4812
49	4184
49	4305
49	468
49	2691
49	4290
49	2050
49	2517
49	5168
49	884
49	4025
49	1131
49	294
49	4703
49	5717
49	2256
250	3431
250	5295
250	3471
250	766
250	5943
250	4157
678	943
678	1424
678	1682
678	5444
365	1567
365	325
365	1869
365	1234
167	4786
167	5351
167	5515
167	5423
167	26
167	983
167	833
167	2111
127	1905
127	5515
127	1215
127	5364
127	1834
127	312
127	3075
127	1219
127	3875
127	5287
127	4437
127	5234
615	4017
615	4562
615	5692
615	5774
615	5786
615	4511
615	4046
615	4846
615	3883
615	3274
615	4742
615	1834
615	3699
615	2654
615	1438
615	4525
615	3317
615	1598
615	2087
615	5220
615	2915
615	2875
615	3043
615	1192
615	3627
615	3868
615	860
203	4786
203	2038
203	5423
203	785
203	3258
203	983
203	6095
203	4253
203	4881
687	5351
687	4360
687	3237
687	3200
687	1930
687	750
687	4517
687	3467
687	5381
687	1831
687	2324
687	3273
687	3332
687	113
50	3800
50	1998
50	1319
43	3940
43	5527
43	4051
43	4278
43	173
43	1088
43	1476
43	4506
43	1577
43	4684
43	3173
43	1554
358	4232
358	4683
358	1417
358	3678
358	3634
358	1140
358	721
358	4792
358	1462
358	2818
358	2312
358	3445
358	3150
342	1905
342	4511
342	5527
342	4051
342	1259
342	3699
342	2970
342	2593
342	3043
342	384
342	2163
342	4512
342	1805
342	1554
183	420
409	949
409	2584
409	2252
409	5347
324	1675
324	4261
324	3255
324	4172
324	4748
362	4786
362	4469
362	2938
362	3198
362	5410
362	1762
362	3789
362	458
362	2673
362	1896
509	3569
509	5791
509	213
509	2365
509	3818
214	5390
214	340
214	4104
214	726
214	1051
316	3259
316	854
502	4055
502	5351
502	5774
502	5935
502	3465
502	5786
502	2843
502	4360
502	584
502	2341
502	4511
502	5527
502	3287
502	4742
502	3259
502	42
502	3776
502	4051
502	3703
502	4252
502	3043
502	1432
502	5902
502	1489
502	2828
502	760
502	1969
502	5312
502	5757
502	3216
502	1785
502	3220
502	769
502	4781
502	1086
502	4629
502	775
502	4305
502	4044
502	5168
502	1554
502	420
502	4776
502	2816
502	3808
502	5436
502	2256
502	1893
518	4511
518	3776
518	3699
518	194
518	1652
518	3043
518	1432
518	2828
518	1969
518	3605
518	2561
518	3714
518	3216
518	1785
518	3220
518	2462
518	3823
518	4959
518	1863
518	1094
329	1144
329	2175
329	4560
329	1026
329	4511
329	3776
329	5841
329	2936
329	3043
329	1432
329	2828
329	1969
329	3952
329	3216
329	1785
329	3220
329	386
329	4891
329	5989
329	766
329	5943
329	5015
329	2924
329	1654
329	4157
440	477
440	5515
440	5120
205	2147
205	2027
205	1075
205	4164
205	935
205	5150
205	216
205	651
205	2035
205	3326
205	4719
205	4811
205	3259
205	5730
205	4022
205	1039
205	134
205	486
205	734
205	311
205	419
205	563
205	6000
205	1486
205	4245
205	1998
205	6060
205	2219
205	1482
205	5573
541	1012
541	1905
541	1215
541	5234
541	2156
541	2423
143	14
629	1144
629	5581
629	5589
629	3619
629	19
629	5841
629	947
629	3952
629	5686
629	2032
64	2414
64	674
64	5515
64	3711
64	2596
64	133
64	3732
64	434
64	364
64	3111
64	3525
64	805
64	4131
64	1256
64	200
116	2922
116	2410
116	1144
116	2414
116	600
116	1420
116	278
116	1026
116	1552
116	4664
116	2035
116	4976
116	4419
116	1861
116	2226
116	51
116	4252
116	3503
116	2968
116	5841
116	2936
116	2849
116	3227
116	3732
116	3952
116	3111
116	3525
116	387
116	3099
116	5940
116	4131
116	2022
116	4776
116	2816
116	1677
116	5722
116	3808
116	5436
116	200
208	1648
208	404
208	2414
208	600
208	1906
208	4054
208	1891
208	5515
208	2689
208	5527
208	2623
208	3678
208	4051
208	274
208	2148
208	19
208	2557
208	6026
208	6014
208	4383
208	947
208	969
208	3641
208	549
208	4792
208	6098
208	3732
208	3354
208	4568
208	94
208	5114
208	5686
208	5860
208	4865
208	1554
208	716
208	5831
208	2227
208	2055
208	1534
208	2032
208	3812
208	3562
208	3900
208	89
208	3192
208	200
630	943
630	2414
630	600
630	4607
630	1424
630	1682
630	6025
630	5444
630	5482
494	3155
494	2414
494	600
494	4291
494	3036
494	2610
494	1881
494	2893
494	3149
494	1109
563	3155
670	5351
670	288
670	3310
670	4906
670	5649
670	2878
670	5757
670	2194
670	5855
670	4239
670	4305
670	5168
670	2256
417	6106
417	1519
417	4266
417	4787
417	941
417	2100
417	1984
417	5085
417	162
417	3446
417	3603
319	3800
319	1319
401	3274
401	3627
578	5774
578	5786
578	420
578	2203
655	2195
655	2342
655	3616
655	5272
655	1144
655	2434
655	5017
655	5985
655	2522
655	3638
655	3198
655	2160
655	923
655	1385
655	912
655	3579
655	2142
655	4607
655	1872
655	3514
655	4621
655	374
655	3684
655	5403
655	3094
655	342
655	181
655	1232
655	1763
655	4852
655	5841
655	2827
655	1096
655	1874
655	4130
655	3732
655	4530
655	5428
655	1527
655	2939
655	940
655	63
655	5636
655	4867
655	5644
655	1065
655	3834
655	3952
655	12
655	542
655	5959
655	6003
655	4369
655	2566
655	1310
655	3693
655	4956
655	5863
655	6
655	4775
655	5286
655	3001
655	2926
655	1803
655	3920
655	5090
655	5936
655	4586
655	6002
655	5466
655	5759
655	5268
655	1998
655	1788
655	4579
655	3400
655	420
655	6077
655	754
655	2862
655	4194
655	5161
655	5307
655	4731
655	137
655	4041
655	907
655	4655
655	5074
655	5482
54	2825
54	3110
54	5337
83	2342
83	4549
83	2434
83	1515
83	5017
83	2160
83	3776
83	154
83	5403
83	4852
83	1432
83	2828
83	1969
83	5959
83	3216
83	1785
83	3220
83	6002
83	854
83	1998
83	2647
83	4731
83	2488
406	2831
540	5351
540	216
540	3326
540	5643
540	4022
540	1039
540	486
540	311
540	5757
540	419
540	563
540	6000
540	1486
540	4245
540	4305
540	5168
540	2256
333	5645
333	1581
333	5587
333	4152
333	4731
333	3928
333	6094
649	3359
649	987
649	2628
649	5465
649	4149
649	1539
649	3678
649	3247
649	4344
649	703
649	5648
649	5982
649	5675
649	4787
649	2483
649	2309
649	4969
649	6079
649	2405
649	1665
649	4792
649	676
649	162
649	3446
649	5256
649	5693
649	3345
649	2697
649	4656
649	1686
538	5950
538	4786
538	4396
538	2368
538	2305
155	3509
155	5935
155	1906
155	4054
155	692
155	1019
155	4992
155	2762
155	1356
155	5821
155	5007
155	2148
155	3260
155	664
155	5155
155	2890
155	3354
155	4568
155	840
155	3747
155	5771
155	3151
155	3446
155	2171
155	3647
155	5368
155	4056
155	2577
155	1344
155	4738
155	645
155	1613
155	3812
155	3192
155	2497
155	5378
155	5907
504	358
146	4773
590	1245
590	2414
590	2014
590	3482
590	2038
590	619
590	2784
590	2948
590	2565
590	3724
590	213
590	2516
590	1765
590	4590
590	3258
590	2365
590	1333
590	2135
590	6044
590	2680
590	1473
590	399
590	54
590	3370
245	4069
245	5645
245	2176
245	5527
245	4051
245	5733
245	283
245	3732
245	3116
245	5895
245	3560
245	5869
245	5340
245	3218
245	1554
245	627
245	1136
245	4077
245	4975
245	3574
245	4071
247	5618
247	3732
247	6091
247	1511
247	5111
247	4385
247	489
382	2342
382	4731
448	6089
448	613
448	4237
448	301
448	5991
448	725
448	5120
448	4576
6	613
6	4237
6	2888
6	5991
6	725
6	5064
86	420
626	4017
626	5390
626	4104
626	4562
626	3431
626	5692
626	5774
626	1492
626	3450
626	4685
626	288
626	2088
626	5935
626	789
626	4069
626	5645
626	5786
626	2414
626	600
626	3580
626	2150
626	5214
626	2843
626	1791
626	4195
626	1675
626	1905
626	5515
626	2341
626	5785
626	4511
626	5527
626	934
626	3255
626	1215
626	4519
626	5295
626	1051
626	3287
626	3678
626	3274
626	4051
626	26
626	403
626	74
626	5553
626	3471
626	513
626	194
626	2654
626	1438
626	4525
626	3317
626	1598
626	2087
626	5220
626	2915
626	2875
626	3457
626	4363
626	173
626	3043
626	4293
626	3987
626	3308
626	2694
626	1192
626	760
626	4792
626	3627
626	3698
626	2100
626	1904
626	3334
626	3687
626	6072
626	2457
626	741
626	294
626	1554
626	1136
626	5234
626	5120
626	420
626	3981
626	2156
626	706
626	2423
626	5717
626	461
626	860
420	3470
420	5935
420	3141
420	613
420	5492
420	160
420	934
420	4343
420	1519
420	1051
420	3457
420	4293
420	3987
420	1904
420	3097
420	5119
420	741
420	1122
420	5120
420	3603
420	4334
420	1669
420	882
420	3280
489	5213
489	616
424	5351
424	3431
424	258
424	5185
424	3553
424	2331
424	381
424	5720
424	1638
152	1771
152	5878
313	4232
313	4683
313	1417
313	3883
313	3634
313	1140
313	721
313	3343
313	3445
402	257
402	5964
402	2342
402	5351
402	2414
402	4804
402	5214
402	4237
402	5017
402	3638
402	2343
402	1905
402	4657
402	1019
402	2160
402	5197
402	1215
402	1470
402	4251
402	4620
402	4345
402	4681
402	4266
402	351
402	3260
402	209
402	3997
402	749
402	1626
402	5555
402	2265
402	4831
402	183
402	3254
402	3053
402	5994
402	5995
402	2683
402	5991
402	5750
402	5157
402	3242
402	5862
402	1696
402	5625
402	4217
402	4315
402	970
402	2694
402	1289
402	1330
402	5760
402	1230
402	725
402	5198
402	3694
402	4369
402	2566
402	1310
402	1931
402	508
402	1315
402	1583
402	6002
402	4338
402	5085
402	4044
402	5268
402	4539
402	294
402	697
402	3446
402	2257
402	5234
402	5585
402	1859
402	4731
437	2414
197	1417
197	5404
197	3883
433	4731
433	5706
433	9
68	1264
68	4717
68	4055
68	2296
68	4685
68	288
68	4391
68	4469
68	3925
68	5492
68	3832
68	3123
68	783
68	3580
68	2150
68	6042
68	2085
68	619
68	2784
68	4560
68	31
68	928
68	160
68	5912
68	3888
68	3295
68	1362
68	2948
68	1026
68	901
68	5515
68	2341
68	4343
68	3274
68	4607
68	1856
68	817
68	1024
68	3484
68	4014
68	4050
68	3376
68	666
68	500
68	14
68	223
68	4643
68	2516
68	2698
68	2936
68	5076
68	1765
68	157
68	3308
68	760
68	3627
68	3698
68	2690
68	2100
68	2703
68	845
68	4219
68	3111
68	3525
68	386
68	4184
68	3173
68	4891
68	5338
68	71
68	532
68	5033
68	5352
68	2298
68	399
68	54
68	420
68	1748
68	3981
68	339
68	4329
68	323
68	5015
68	2924
68	1654
68	3761
68	974
68	326
68	5482
618	613
618	2294
618	1426
618	4731
618	2120
222	3274
222	3627
287	59
287	3717
287	5471
287	5917
287	6037
287	4126
253	358
253	314
253	1693
444	4017
444	5137
444	5774
444	5935
444	3465
444	4469
444	5786
444	5289
444	4713
444	1417
444	1727
444	1362
444	3185
444	901
444	3433
444	1456
444	2134
444	2654
444	1438
444	4525
444	3317
444	1598
444	2698
444	132
444	775
444	3508
444	5352
444	6041
444	1748
444	2949
444	961
444	5172
444	974
522	1258
522	5289
522	4172
522	4748
522	228
522	3409
522	2949
522	961
522	4980
575	5351
575	3465
575	4079
575	5515
575	297
575	3678
575	2789
575	3699
575	1129
575	443
575	4791
575	3720
575	2334
575	3206
575	2694
575	4792
575	5757
575	775
575	4305
575	281
575	5531
575	5168
575	2866
575	420
575	3924
575	2402
575	2256
202	4511
202	3043
311	5351
52	3702
331	1140
341	3274
341	3627
555	1519
555	750
555	5593
555	3603
555	2631
555	4707
35	5351
35	2296
35	4685
35	288
35	5214
35	4511
35	4621
35	1856
35	1259
35	5932
35	3066
35	1040
35	3043
35	157
35	2694
35	2313
35	591
35	3483
35	2322
35	5757
35	3691
35	4184
35	4305
35	2116
35	5168
35	294
35	1674
35	420
35	920
35	2034
35	2256
607	2342
607	358
607	2014
607	3482
607	5515
607	776
607	3259
607	4310
547	1905
547	2096
547	3237
547	5527
547	1215
547	4051
547	194
547	5623
547	2421
547	5365
547	215
547	1554
547	5234
547	925
547	646
547	4059
547	2667
376	4060
681	4930
681	4429
681	217
681	5798
681	3847
88	5351
88	5774
88	5786
88	5515
88	726
88	5757
88	4305
88	5168
88	2256
258	5137
258	3006
258	2342
258	358
258	1144
258	2414
258	600
258	2992
258	3259
258	5364
258	213
258	4252
258	4132
258	3075
258	1219
258	3875
258	5287
258	4437
258	2365
258	495
258	4776
258	4731
258	2816
258	3808
258	5436
453	358
453	4930
453	483
453	454
453	934
453	4800
453	4575
453	4400
453	3457
453	1076
453	4651
453	4293
453	3987
453	2181
453	1904
453	2013
453	741
453	4197
453	3599
453	592
453	2687
453	5808
453	1389
453	3911
453	5128
453	109
20	5527
20	4051
20	173
20	1554
79	4017
79	3580
79	3274
79	2825
79	3259
79	213
79	2654
79	1438
79	4525
79	3317
79	1598
79	3627
79	2100
79	2365
600	5566
600	1072
564	2038
564	4164
564	3185
564	3661
564	5730
564	3258
564	1644
564	6091
564	5755
564	3015
564	1980
564	3547
564	5573
674	1906
674	4054
674	50
674	2990
674	1305
674	5513
674	1052
674	6108
674	3697
674	357
674	2148
674	3538
674	722
674	5994
674	5995
674	3386
674	4966
674	3840
674	936
674	4944
674	3732
674	2404
674	3354
674	2811
674	3418
674	4568
674	4044
674	4911
674	3877
674	4860
674	1613
674	3812
674	3192
675	835
675	1417
675	1019
675	2748
675	721
675	5370
675	4283
675	5823
675	3445
675	3432
568	4562
568	3837
568	2955
568	506
568	3237
568	5191
568	1998
568	3412
347	4232
347	3894
347	3339
347	2342
347	804
347	3904
347	3212
347	4683
347	1417
347	4930
347	5017
347	5527
347	1019
347	2160
347	2767
347	3209
347	3274
347	3259
347	4051
347	3634
347	5733
347	1567
347	5261
347	2829
347	6009
347	4966
347	7
347	4903
347	5962
347	435
347	3627
347	3732
347	3974
347	2404
347	334
347	2917
347	5869
347	810
347	5458
347	6002
347	4398
347	1554
347	5915
347	1079
347	1593
347	2308
347	6019
347	6062
347	5571
347	4731
347	2856
347	3245
347	4853
347	3316
347	1343
27	4562
27	3791
27	5952
27	4139
27	6024
27	2608
27	2373
27	784
27	1192
27	1644
27	3063
27	5191
27	5034
27	1418
27	3496
27	1918
27	860
450	194
450	138
261	2342
261	5351
261	2414
261	4837
261	5581
261	5589
261	4252
261	3619
261	4776
261	2816
261	3808
261	5436
503	4017
503	5351
503	5692
503	3580
503	2038
503	4046
503	4846
503	5741
503	5847
503	2654
503	1438
503	4525
503	3317
503	1598
503	2087
503	5220
503	2915
503	2875
503	5324
503	3680
503	3258
503	5664
503	2569
503	5081
503	2665
503	2894
503	2092
503	1668
503	4939
503	1815
503	906
503	2155
503	2443
503	2100
503	5757
503	4373
503	3524
503	3868
503	4305
503	468
503	2691
503	4290
503	2050
503	2517
503	5168
503	884
503	4025
503	1131
503	1760
503	4703
503	2256
15	2342
15	1075
15	3459
15	2502
15	2263
15	5102
15	391
15	420
21	943
21	4930
21	1581
21	1259
21	5733
21	1567
21	1424
21	5184
21	5711
21	435
21	3732
21	5869
21	1805
21	5803
21	5904
21	758
21	471
21	1682
21	5444
21	1008
21	2856
21	4853
125	1144
125	3482
125	4930
125	5453
125	726
125	1745
125	3274
125	3259
125	1567
125	1341
125	4073
125	3627
125	1642
125	593
125	2917
125	2555
125	1549
125	5051
125	5472
125	4398
125	4628
125	466
125	3188
125	3721
125	993
371	2414
473	4573
473	5968
473	2127
473	83
473	5909
473	4444
456	5527
456	4051
456	1554
456	5737
456	4832
177	2052
177	5214
177	1791
177	4195
177	2096
177	5785
177	4519
177	2780
177	3274
177	3259
177	2409
177	2217
177	5553
177	6036
177	2694
177	3627
177	848
177	2772
177	294
177	2419
177	4978
367	5144
367	552
367	2983
367	2687
471	4469
405	5351
593	2368
593	1318
593	4122
606	4786
628	358
628	1321
628	1818
628	3318
294	5803
294	5103
294	2993
294	2985
294	3574
589	789
589	1905
589	1215
589	2909
589	3566
589	5234
589	5717
120	1581
120	1070
120	333
120	4014
120	4496
120	5105
120	3831
120	1972
120	4671
120	5432
120	4120
120	5708
120	4817
120	4705
407	4232
407	3431
407	5692
407	1420
407	4950
407	4683
407	1417
407	3832
407	783
407	2150
407	3575
407	5715
407	4560
407	31
407	5150
407	5979
407	4360
407	3934
407	277
407	3569
407	4176
407	3295
407	3185
407	519
407	2341
407	4046
407	4846
407	2623
407	4646
407	5295
407	3702
407	3274
407	4719
407	4742
407	3259
407	3634
407	1024
407	3975
407	3471
407	2968
407	2087
407	5220
407	2915
407	2875
407	3806
407	2849
407	5540
407	2089
407	760
407	3627
407	2690
407	4602
407	387
407	386
407	5546
407	3099
407	3868
407	4891
407	3872
407	6060
407	3981
407	4899
407	2303
407	4329
407	5015
407	2924
407	1654
77	358
77	2296
77	2150
77	5715
77	3819
77	1019
77	3702
77	2785
77	5584
77	1856
77	2851
77	2690
77	428
77	3872
77	3981
77	4329
77	1893
576	4017
576	4232
576	3022
576	4794
576	1397
576	5774
576	5786
576	2414
576	600
576	1420
576	3171
576	3212
576	4683
576	1156
576	1417
576	5492
576	2175
576	2085
576	619
576	2784
576	4360
576	3569
576	4176
576	4769
576	1362
576	2948
576	3462
576	1390
576	2341
576	5527
576	1019
576	2932
576	4800
576	3702
576	4664
576	297
576	3678
576	3283
576	2789
576	4811
576	4742
576	4051
576	3634
576	4622
576	2672
576	4632
576	4127
576	74
576	51
576	5030
576	4482
576	2968
576	2654
576	1438
576	4525
576	3317
576	1598
576	3720
576	740
576	396
576	2516
576	3120
576	5820
576	3806
576	5076
576	2849
576	5598
576	2599
576	1359
576	6013
576	2694
576	760
576	4792
576	3357
576	3615
576	132
576	2946
576	1495
576	4602
576	387
576	1984
576	4613
576	4188
576	438
576	1187
576	4564
576	3296
576	2781
576	3334
576	5546
576	3099
576	5974
576	1600
576	2149
576	5352
576	5989
576	1554
576	5738
576	2001
576	2959
576	1494
576	399
576	54
576	420
576	1748
576	706
576	5671
576	2291
576	3445
576	4842
624	2038
624	4560
624	3258
624	386
624	4891
624	420
624	5015
624	2924
624	1654
138	5791
138	3274
138	3776
138	194
138	1432
138	2828
138	3627
138	1969
138	3216
138	1785
138	3220
505	1417
505	4519
189	257
189	2150
189	4511
189	5185
189	3997
189	749
189	1626
189	5555
189	2265
189	4831
189	3043
189	3981
165	2434
165	5403
165	4852
165	5959
165	1998
165	4731
165	4830
198	5351
198	804
198	3394
198	2096
198	3259
198	2217
198	6036
198	6105
198	5435
198	5528
198	5078
198	132
198	3436
198	5757
198	3108
198	5456
198	848
198	4305
198	5168
198	420
198	2256
22	4017
22	5351
22	288
22	789
22	2414
22	2038
22	3310
22	4906
22	4511
22	5527
22	5649
22	4051
22	6105
22	5435
22	2654
22	1438
22	4525
22	3317
22	1598
22	5078
22	3043
22	3258
22	2878
22	5757
22	2194
22	5855
22	3108
22	5456
22	4239
22	4305
22	5168
22	854
22	1554
22	4423
22	514
22	5717
22	2256
551	5351
551	5645
551	3639
551	930
551	5421
551	1136
527	5308
527	5390
527	4104
527	5351
527	5692
527	4685
527	3465
527	2052
527	1791
527	4195
527	3837
527	2955
527	5785
527	4046
527	4846
527	4519
527	5673
527	3287
527	3678
527	3274
527	2972
527	1744
527	2409
527	5553
527	312
527	4115
527	1786
527	2087
527	5220
527	2915
527	2875
527	5675
527	1073
527	1071
527	157
527	4792
527	3627
527	1178
527	3598
527	5757
527	5903
527	3559
527	3097
527	1959
527	2270
527	775
527	3868
527	4305
527	4044
527	2772
527	1122
527	5168
527	3412
527	420
527	322
527	925
527	646
527	4059
527	2667
527	1767
527	4670
527	2419
527	4978
527	2256
527	3280
466	1675
466	5515
466	3687
466	6072
520	4786
520	4079
520	167
520	297
520	2789
520	1129
520	443
520	2334
520	1523
520	5071
520	5440
520	4716
520	2967
520	281
520	5531
89	5709
89	4232
89	1397
89	4055
89	2769
89	5351
89	5774
89	2296
89	3509
89	5935
89	3465
89	4469
89	3925
89	4393
89	2938
89	5786
89	5062
89	5188
89	4683
89	1417
89	981
89	5492
89	3164
89	2085
89	31
89	4360
89	3185
89	1552
89	901
89	5515
89	1353
89	2767
89	5673
89	4742
89	3259
89	1856
89	3634
89	4419
89	1322
89	3831
89	1972
89	4671
89	2698
89	664
89	4093
89	5115
89	5757
89	3252
89	3362
89	1293
89	775
89	4305
89	5974
89	840
89	3747
89	5771
89	5338
89	3151
89	5168
89	2353
89	3600
89	974
89	2256
272	516
272	3629
536	483
536	2522
536	1519
536	3259
536	4621
536	3094
536	181
536	1232
536	2827
536	1096
536	1874
536	2082
536	4530
536	5428
536	1527
536	2939
536	940
536	5644
536	12
536	542
536	6003
536	5090
536	5936
536	4586
536	2365
536	3603
536	4194
536	3100
536	5133
536	137
536	4041
536	907
536	4655
536	5074
101	5351
169	5364
169	3075
169	1219
169	3875
169	5287
169	4437
565	4517
565	62
565	653
565	2305
149	4417
149	2305
38	2342
38	358
38	2014
38	3482
38	5527
38	4051
38	4310
38	1554
38	4731
38	499
273	3569
273	59
273	3717
273	5471
273	5917
273	6037
273	4126
273	3887
232	502
232	5856
232	5437
232	315
232	4638
232	2954
423	3274
423	2672
423	6105
423	4482
423	5435
423	5078
423	2433
423	3627
423	1495
423	3108
423	5456
423	766
423	5943
423	4157
511	194
445	3800
445	5364
445	3075
445	1219
445	3875
445	5287
445	4437
445	1319
445	4707
199	3665
199	3186
199	5386
199	3051
199	3365
199	2570
29	5645
29	3732
29	1136
644	671
644	3580
644	1519
644	4575
644	3328
644	176
644	3732
644	2100
644	5803
644	5868
644	4639
644	4596
644	361
644	3603
644	4286
644	2842
644	3891
161	4607
161	5364
161	3075
161	1219
161	3875
161	5287
161	4437
161	6025
161	5482
521	5351
521	3342
521	2996
521	2767
521	4519
521	6108
521	5532
521	5820
521	1556
521	4367
521	1459
521	5757
521	4305
521	5168
521	2
521	3877
521	1344
521	1613
521	1988
521	4617
521	2256
327	3274
327	3032
327	3627
567	2590
567	65
206	4562
206	4685
206	1144
206	5297
206	2395
206	1744
206	3912
206	312
206	5994
206	5995
206	5841
206	1071
206	3032
206	1192
206	5521
206	3952
206	3687
206	2630
206	6072
206	4044
206	2235
206	4088
206	5120
206	4744
206	2576
206	4462
206	3121
206	229
206	1844
206	5761
206	860
166	5741
166	5402
166	3032
166	4338
166	623
166	2036
166	1586
166	604
166	5027
166	4767
166	229
166	3544
166	1210
7	5351
7	5935
7	3925
7	5527
7	2767
7	4519
7	4051
7	4419
7	5820
7	5757
7	4305
7	5168
7	1554
7	766
7	5943
7	1988
7	4617
7	4157
7	2256
259	3339
259	3507
259	5390
259	4104
259	2769
259	4685
259	288
259	2996
259	4930
259	2183
259	4511
259	726
259	3274
259	3912
259	312
259	194
259	1322
259	4400
259	5994
259	5995
259	2028
259	3043
259	1036
259	157
259	2181
259	3627
259	5282
259	5115
259	4667
259	5713
259	5377
259	3252
259	3362
259	1293
259	4044
259	2353
259	637
259	4197
259	5652
259	109
660	613
660	5715
660	619
660	2784
660	1791
660	4195
660	2948
660	5515
660	5785
660	4285
660	5553
660	6056
660	2516
660	3032
660	101
660	444
660	2867
660	1426
660	3872
660	3132
660	399
660	54
660	1669
660	4731
398	943
398	3259
398	1424
398	854
398	1682
398	5444
398	2475
398	2753
398	5148
39	5692
39	5645
39	2360
39	2990
39	4511
39	4046
39	4846
39	4951
39	213
39	2087
39	5220
39	2915
39	2875
39	3043
39	875
39	3923
39	3732
39	22
39	5386
39	3868
39	2365
39	854
39	5162
39	5716
39	5498
39	3453
39	5666
39	4731
39	3049
486	6046
486	3259
486	4400
486	6109
486	2243
486	5846
486	3647
486	1106
486	1344
486	4738
486	2656
486	1613
623	613
623	2767
623	4285
623	6056
623	3032
623	4037
145	2296
145	5935
145	928
145	2767
145	4519
145	2825
145	3259
145	1856
145	4425
145	3110
145	2298
241	358
241	1321
241	1818
241	3259
241	3318
113	1244
113	1905
113	2272
113	1215
113	5234
113	5120
498	4469
498	901
498	2698
498	974
532	4232
532	4683
532	2150
532	4176
532	3185
532	5515
532	3702
532	3259
532	3634
532	2690
532	5546
532	420
532	3981
532	4329
525	5351
525	3740
525	4176
525	3185
525	5527
525	4519
525	3259
525	4051
525	173
525	5757
525	5546
525	4305
525	5168
525	1554
525	420
525	2256
684	3431
684	483
684	3800
684	5295
684	3471
684	5808
684	1319
32	2360
32	4174
32	3923
32	5498
32	547
32	5666
32	3049
141	3274
141	4510
141	3627
668	1384
668	4786
668	5351
668	147
668	5049
668	5791
668	1026
668	5405
668	4519
668	173
668	2936
668	4517
668	917
668	4777
668	5803
668	5120
668	420
668	5204
668	3358
668	3313
252	4140
252	6092
307	4017
307	1384
307	4794
307	2543
307	5351
307	5692
307	5774
307	4685
307	288
307	5935
307	3465
307	789
307	2938
307	5786
307	1420
307	3482
307	835
307	2067
307	4301
307	5715
307	674
307	1791
307	4195
307	3569
307	2343
307	1905
307	506
307	2096
307	477
307	4261
307	2341
307	5785
307	5812
307	979
307	5527
307	4046
307	4846
307	934
307	167
307	1215
307	4519
307	5673
307	297
307	3678
307	1403
307	2785
307	3274
307	2789
307	4607
307	4742
307	5584
307	4051
307	4632
307	5553
307	4252
307	3711
307	1140
307	2654
307	1438
307	4525
307	3317
307	1598
307	2087
307	5220
307	2915
307	2875
307	2748
307	3457
307	4750
307	1523
307	2331
307	1652
307	381
307	5720
307	4293
307	3987
307	2493
307	2999
307	5370
307	760
307	4792
307	3627
307	434
307	364
307	5757
307	3605
307	2561
307	3714
307	1904
307	5071
307	5440
307	4716
307	2967
307	2462
307	3823
307	4959
307	1863
307	1094
307	428
307	775
307	3687
307	917
307	4777
307	6072
307	3173
307	3868
307	4305
307	741
307	3872
307	5168
307	996
307	1600
307	2204
307	1554
307	3005
307	1462
307	805
307	5234
307	123
307	5510
307	4721
307	2439
307	4470
307	4776
307	2816
307	5823
307	1932
307	2633
307	5717
307	3808
307	3432
307	5436
307	2256
307	5482
307	1899
307	3439
307	400
307	77
276	4786
276	321
276	5351
276	4469
276	901
276	3198
276	5423
276	5410
276	397
276	2698
276	3789
276	983
276	1509
276	420
276	2901
276	5601
276	974
457	4017
457	5351
457	5692
457	460
457	4511
457	4046
457	4846
457	1403
457	3699
457	2654
457	1438
457	4525
457	3317
457	1598
457	2087
457	5220
457	2915
457	2875
457	2634
457	3043
457	2493
457	4517
457	5757
457	2457
457	3868
457	4305
457	230
457	5168
457	2256
352	3502
352	2096
352	1349
352	817
352	4632
352	4172
352	4748
352	2575
352	3117
352	4517
352	5258
352	5486
352	556
352	123
352	3850
352	5120
352	3293
352	3060
218	4950
218	3495
218	3310
218	4906
218	1771
218	5649
218	4607
218	26
218	3975
218	318
218	2878
218	2194
218	5855
218	4239
218	5878
218	5482
237	5851
237	1426
237	5860
237	2740
237	4731
237	1169
533	3837
533	2955
533	5120
533	3412
605	3259
605	2128
605	5
605	495
317	1051
317	5734
351	943
351	3459
351	1424
351	2145
351	1941
351	1682
351	5444
351	3050
390	358
390	946
390	3639
390	2522
390	5515
390	2341
390	1471
390	2825
390	3259
390	4621
390	3094
390	181
390	1232
390	2827
390	1096
390	1874
390	760
390	3110
390	3732
390	4530
390	5428
390	1527
390	2939
390	940
390	5644
390	2551
390	12
390	542
390	6003
390	5090
390	5936
390	4586
390	1926
390	1998
390	4935
390	959
390	839
390	1318
390	4194
390	439
390	137
390	4041
390	907
390	4655
390	5074
390	1893
390	4122
90	5351
90	5527
90	3274
90	4051
90	1259
90	1834
90	5733
90	3459
90	655
90	3627
90	3598
90	5869
90	5757
90	1805
90	2270
90	4305
90	5168
90	1554
90	5108
90	6073
90	3050
90	2256
397	3509
397	540
397	835
397	1417
397	5492
397	928
397	277
397	2748
397	5084
397	5540
397	2089
397	664
397	721
397	5370
397	840
397	3747
397	5771
397	3151
397	5519
397	541
397	2298
397	420
397	842
397	5823
397	3445
397	3951
397	5378
397	3432
686	3509
686	3925
686	1417
686	3274
686	1140
686	664
686	721
686	3627
686	199
686	840
686	3747
686	5771
686	3151
686	3388
686	1624
686	1462
686	95
686	2804
686	1318
686	724
686	3445
686	3594
353	1758
353	4562
353	2414
353	3837
353	2955
353	506
353	5433
353	1192
353	4996
353	5191
353	3474
353	4644
353	3412
353	5604
353	860
360	4017
360	358
360	5774
360	1245
360	5786
360	2414
360	600
360	540
360	1417
360	160
360	776
360	3259
360	4252
360	3699
360	2654
360	1438
360	4525
360	3317
360	1598
360	3111
360	3525
360	1333
360	1998
360	1318
360	4776
360	2816
360	3808
360	5436
360	4122
500	5351
500	5935
500	3580
500	946
500	2767
500	2070
500	1744
500	4172
500	3699
500	173
500	5820
500	282
500	4748
500	2100
500	5757
500	3687
500	6072
500	4305
500	5168
500	687
500	3773
500	1988
500	4617
500	2256
577	5618
577	3967
577	958
577	2686
577	1531
577	4726
577	3104
577	5933
577	5575
577	3722
577	5183
577	3504
577	4244
467	5774
467	5786
467	420
673	5997
18	2710
546	213
546	2365
443	5351
443	4069
443	2068
443	3295
443	3239
443	4575
443	3459
443	3328
443	1739
443	176
443	3732
443	5757
443	4305
443	5168
443	361
443	5069
443	3891
443	2256
482	5137
482	3788
482	4069
482	1550
482	2990
482	3459
482	1739
482	3732
482	1535
482	36
482	5069
343	5527
343	4051
343	1554
343	5674
8	213
8	2365
92	5351
92	4713
92	1456
92	5757
92	4305
92	5168
92	5630
92	2256
671	2038
671	4560
671	4047
671	3643
671	3946
671	3258
671	1014
671	5874
671	386
671	5782
671	4891
671	5015
671	798
671	2924
671	1654
430	4252
430	4776
430	2816
430	3808
430	5436
558	2767
558	4519
558	938
558	2962
558	5839
558	4289
558	3783
558	3838
558	2504
301	3246
301	1689
301	2038
301	4047
301	4057
301	3319
301	2294
301	4745
301	3258
301	748
301	3790
301	510
301	2606
286	943
286	4047
286	2062
286	1424
286	3732
286	4509
286	1682
286	2238
286	1021
286	5444
286	2961
286	830
286	2606
151	2088
637	5515
608	4685
608	5143
608	5144
608	4047
608	6046
608	5812
608	180
608	922
608	3621
608	5820
608	5992
608	1282
608	1370
608	4447
608	5843
608	5578
608	903
608	3261
608	3897
608	1988
608	4617
608	114
608	1978
550	4017
550	257
550	4516
550	5308
550	5709
550	5137
550	4232
550	1580
550	2236
550	5390
550	4104
550	2769
550	5351
550	4562
550	3342
550	3431
550	5692
550	5774
550	2296
550	4685
550	3509
550	288
550	1242
550	2088
550	5499
550	5935
550	3465
550	525
550	789
550	5786
550	2414
550	600
550	613
550	5535
550	1622
550	4683
550	3123
550	2996
550	3769
550	4237
550	3310
550	2843
550	1791
550	4195
550	4360
550	3643
550	87
550	4769
550	5912
550	3888
550	1362
550	1484
550	1675
550	3837
550	2955
550	1905
550	2689
550	2341
550	5785
550	4096
550	4511
550	5527
550	3585
550	1019
550	3244
550	5507
550	5224
550	4519
550	1519
550	3287
550	2395
550	297
550	3678
550	2323
550	3133
550	4266
550	5751
550	3274
550	2789
550	3259
550	1744
550	1856
550	3946
550	4051
550	3634
550	6006
550	1467
550	2672
550	1601
550	5517
550	2838
550	4632
550	4172
550	2731
550	3371
550	5553
550	3376
550	312
550	4482
550	3260
550	317
550	698
550	1594
550	2654
550	1438
550	4525
550	3317
550	1598
550	3997
550	749
550	1626
550	5555
550	2265
550	4831
550	2087
550	5220
550	2915
550	2875
550	5026
550	5994
550	5995
550	4722
550	1115
550	5675
550	2557
550	3720
550	173
550	6014
550	3043
550	5991
550	1071
550	1556
550	3733
550	3075
550	1219
550	2878
550	5596
550	157
550	4383
550	664
550	1888
550	3875
550	2694
550	1014
550	760
550	549
550	2433
550	4381
550	4792
550	6098
550	243
550	3627
550	4748
550	3913
550	869
550	4888
550	5521
550	3598
550	4367
550	4585
550	1459
550	1495
550	725
550	559
550	251
550	5442
550	5757
550	2163
550	65
550	3559
550	2361
550	202
550	2280
550	3335
550	4070
550	5287
550	4437
550	2881
550	3566
550	5024
550	2270
550	5421
550	5782
550	2479
550	775
550	3687
550	6072
550	3173
550	2457
550	4305
550	4044
550	840
550	3747
550	5771
550	5191
550	3151
550	5860
550	1122
550	5168
550	5079
550	5352
550	162
550	1554
550	1450
550	3452
550	921
550	5055
550	3412
550	420
550	2273
550	1748
550	2156
550	2077
550	3603
550	925
550	646
550	4059
550	2667
550	2055
550	3977
550	2402
550	2423
550	2571
550	3704
550	3160
550	89
550	5153
550	461
550	2256
550	1504
550	3280
550	2398
368	5351
368	3569
368	4261
368	4511
368	312
368	3386
368	3043
368	5757
368	4305
368	5168
368	2256
357	2038
357	3258
610	4786
610	4397
610	2317
610	3152
74	2278
74	5692
74	3112
74	4046
74	4846
74	2087
74	5220
74	2915
74	2875
74	3732
74	3399
74	5386
74	3868
74	441
105	502
105	5856
105	5437
105	315
105	4638
105	2954
30	4569
30	5618
30	5527
30	2767
30	4519
30	3967
30	4051
30	3459
30	128
30	4750
30	1143
30	958
30	2686
30	1531
30	4726
30	2889
30	1554
30	5933
30	3722
30	1229
30	4752
30	4487
30	5183
30	6068
30	4244
559	667
559	1426
559	620
559	2449
634	3925
634	31
634	420
40	5542
556	5569
556	2006
556	358
556	5351
556	3431
556	1242
556	2207
556	5707
556	2060
556	4360
556	1049
556	1675
556	5423
556	5295
556	5431
556	203
556	3274
556	2670
556	252
556	1139
556	677
556	3471
556	5030
556	2607
556	2794
556	4836
556	3627
556	4979
556	362
556	5757
556	1730
556	2071
556	421
556	2712
556	983
556	4428
556	10
556	4305
556	5168
556	3217
556	149
556	2256
25	257
25	3431
25	5692
25	3509
25	2399
25	2590
25	4511
25	1519
25	2323
25	4266
25	5001
25	5092
25	5753
25	3997
25	749
25	1626
25	5555
25	2265
25	4831
25	2087
25	5220
25	2915
25	2875
25	4787
25	3043
25	664
25	4792
25	243
25	2350
25	65
25	5085
25	840
25	3747
25	5771
25	3151
25	3177
25	5116
25	3468
25	162
25	3446
25	4807
25	1450
25	261
25	3603
25	1534
25	2032
25	4526
662	3894
662	5351
662	5774
662	5786
662	4930
662	5214
662	2175
662	2360
662	4047
662	2343
662	1905
662	4837
662	2096
662	4511
662	1215
662	1519
662	1470
662	3287
662	3678
662	3864
662	4014
662	4050
662	6009
662	2331
662	3043
662	381
662	5720
662	5730
662	1189
662	2694
662	2433
662	4792
662	4875
662	5757
662	1931
662	5864
662	1563
662	4305
662	5168
662	294
662	5989
662	4805
662	1593
662	3015
662	5234
662	3603
662	5571
662	5666
662	253
662	323
662	3049
662	5573
662	326
662	2256
131	358
131	5351
131	2150
131	4237
131	4176
131	3259
131	5991
131	750
131	2690
131	725
131	5013
131	5546
131	5592
131	3981
131	4329
432	4606
432	2342
432	3470
432	3502
432	4685
432	288
432	3141
432	2341
432	4511
432	1019
432	2767
432	4519
432	4103
432	3260
432	194
432	173
432	3043
432	760
432	4411
432	71
432	532
432	196
364	5137
364	194
364	2868
314	3431
314	789
314	3800
314	5017
314	2160
314	5295
314	3471
314	173
314	6002
314	4731
314	5717
314	4574
314	1319
592	1019
303	2006
303	3620
303	1768
303	905
303	160
303	3569
303	2767
303	5030
303	3699
303	2607
303	5310
303	2794
303	420
303	149
468	5618
468	3967
468	958
468	2686
468	1531
468	4726
468	5933
468	3722
468	5183
468	2073
468	4244
224	50
224	1305
224	5513
224	3274
224	3259
224	2962
224	357
224	3538
224	722
224	3840
224	4944
224	3627
224	5839
224	4289
224	3418
224	3783
224	2504
224	420
404	2278
404	5260
404	572
404	4128
404	1457
404	3732
404	2779
404	4771
404	2295
404	5045
404	2314
404	4689
404	3633
404	1669
404	1867
404	4526
404	1463
560	2096
560	2767
560	3274
560	213
560	3627
560	2365
560	5120
560	2357
477	5021
455	2414
455	2284
455	2104
381	5390
381	4104
381	2672
381	4482
381	3831
381	1972
381	4671
381	1495
596	1687
596	420
156	2414
156	600
156	5144
156	746
156	5820
156	3138
156	856
156	3644
156	5671
128	3274
128	3627
128	4967
216	5351
216	2767
216	4519
216	5757
216	4305
216	5168
216	2256
377	4707
416	943
416	2183
416	1424
416	1682
416	5444
416	5328
270	3509
270	1905
270	1019
270	5741
270	1215
270	5324
270	3680
270	664
270	5664
270	2569
270	5081
270	2665
270	2894
270	2092
270	1668
270	4939
270	1815
270	906
270	2155
270	2443
270	4373
270	3524
270	840
270	3747
270	5771
270	3151
270	468
270	2691
270	4290
270	2050
270	2517
270	884
270	4025
270	1131
270	5234
270	5120
270	4703
609	2672
609	4482
609	5820
609	1495
239	2436
239	3431
239	2767
239	5295
239	1861
239	3471
239	4573
239	3254
239	2127
239	83
239	1186
239	4539
239	4444
239	5182
164	4017
164	5964
164	1015
164	5351
164	4685
164	288
164	2343
164	3274
164	2654
164	1438
164	4525
164	3317
164	1598
164	183
164	4782
164	3242
164	5862
164	1696
164	5625
164	4217
164	4315
164	970
164	1289
164	3627
164	5760
164	5757
164	5198
164	3694
164	4305
164	5168
164	697
164	2256
373	5351
373	3580
373	619
373	2784
373	2948
373	2565
373	3259
373	2516
373	2100
373	5757
373	4305
373	5168
373	399
373	54
373	2256
298	4017
298	5390
298	4104
298	5351
298	4562
298	3431
298	1242
298	2414
298	600
298	613
298	3580
298	5527
298	1519
298	1051
298	3274
298	1744
298	4051
298	4632
298	4172
298	2654
298	1438
298	4525
298	3317
298	1598
298	3553
298	2557
298	3032
298	4383
298	664
298	1192
298	549
298	3627
298	4748
298	2100
298	3598
298	5757
298	2270
298	3491
298	1554
298	1868
298	420
298	3603
298	2402
298	1844
298	6040
298	826
298	89
298	860
42	2342
42	1581
42	1019
42	1471
42	3259
42	4621
42	3260
42	953
42	5970
42	1426
42	5860
42	3325
42	2812
42	4731
42	1661
17	2195
17	5390
17	4104
17	5351
17	5774
17	5786
17	4130
17	285
17	1680
17	5759
17	2368
212	404
212	2150
212	4560
212	1390
212	5515
212	3702
212	290
212	386
212	4891
212	420
212	3981
212	5015
212	2924
212	1654
421	3802
490	5137
490	31
490	721
490	5348
490	3445
414	5364
414	3075
414	1219
414	3875
414	5287
414	4437
78	312
330	4731
515	2305
495	3290
495	4017
495	340
495	2887
495	5692
495	5774
495	288
495	5935
495	4069
495	5645
495	2414
495	600
495	5123
495	2990
495	4511
495	4519
495	3678
495	1162
495	1609
495	194
495	283
495	2654
495	1438
495	4525
495	3317
495	1598
495	2087
495	5220
495	2915
495	2875
495	497
495	655
495	3043
495	3801
495	4792
495	3732
495	2973
495	3843
495	2163
495	2194
495	3593
495	3687
495	6072
495	3218
495	4250
495	6091
495	5284
495	1136
495	56
495	4336
495	2615
495	702
495	1481
495	2819
495	1419
495	5717
476	5351
476	2038
476	4846
476	4519
476	3274
476	3258
476	3627
476	5757
476	4305
476	5168
476	2256
620	1470
620	2683
620	300
620	1931
620	508
620	1583
620	5763
475	3274
475	3627
475	279
419	3639
419	3259
70	5692
70	5935
70	1791
70	4195
70	5515
70	5785
70	4046
70	4846
70	5553
70	2087
70	5220
70	2915
70	2875
70	3868
677	132
531	4017
531	1397
531	3212
531	2996
531	2150
531	1445
531	4560
531	31
531	3643
531	1617
531	3702
531	3287
531	3946
531	3865
531	2654
531	1438
531	4525
531	3317
531	1598
531	659
531	1014
531	822
531	1459
531	386
531	5782
531	5974
531	4891
531	4276
531	5746
531	3981
531	151
531	3057
531	5015
531	2924
531	1654
115	2414
676	4237
215	1420
215	5812
215	1051
215	3259
215	2792
215	2968
215	2849
215	387
215	3099
215	2429
215	4478
215	1434
215	1966
215	4334
123	3274
123	3259
123	3627
123	1318
123	4122
285	2005
285	257
285	703
285	5648
285	3997
285	749
285	1626
285	5555
285	2265
285	4831
285	396
285	1665
285	4113
285	3380
285	162
285	1806
285	5473
542	2038
542	4097
542	3258
658	5351
658	5515
451	2038
451	3258
309	297
309	2789
309	397
309	1509
309	420
472	1017
472	1044
472	4882
472	1919
472	4656
666	671
666	1581
666	5741
666	5092
666	4252
666	2857
666	3699
666	4776
666	2816
666	3808
666	5436
586	4786
279	4900
279	4731
211	943
211	1581
211	5715
211	619
211	2784
211	2948
211	1051
211	5265
211	1424
211	2516
211	3111
211	3525
211	1623
211	3872
211	399
211	54
211	1682
211	5444
545	3274
545	3627
395	1157
395	5137
395	358
395	2014
395	3482
395	3259
395	213
395	4310
395	132
395	3952
395	2365
395	5674
135	2908
135	943
135	1424
135	1682
135	5444
553	5390
553	4104
553	5351
553	1242
553	2038
553	5214
553	2341
553	3274
553	3258
553	2694
553	760
553	3627
553	3598
553	5757
553	3467
553	2270
553	4305
553	5168
553	1831
553	2324
553	294
553	2256
59	5515
56	2014
56	3482
56	2035
56	3259
56	1259
56	213
56	1805
356	5390
356	4104
356	5351
356	1144
356	2014
356	3940
356	5017
356	2160
356	3259
356	4278
356	6026
356	5841
356	947
356	2433
356	132
356	3952
356	6002
356	4928
356	4605
356	4635
356	4856
356	2032
356	4731
356	3563
356	2741
95	5351
95	3259
95	5757
95	4305
95	5168
95	2256
302	5351
302	5935
302	4342
302	2414
302	1581
302	6046
302	5515
302	2767
302	621
302	173
302	5820
302	3962
302	5757
302	413
302	4305
302	5168
302	4165
302	1988
302	4617
302	2256
134	4069
134	5551
134	1427
134	3622
134	455
134	1934
134	5241
134	5014
635	3212
635	4560
635	1791
635	4195
635	31
635	2341
635	5785
635	3702
635	1403
635	5553
635	5084
635	2493
635	760
635	822
635	386
635	4891
635	5015
635	2924
635	1654
665	4794
665	3925
665	1420
665	401
665	2150
665	1445
665	4560
665	31
665	87
665	3569
665	1950
665	3433
665	2341
665	4343
665	2134
665	2968
665	659
665	2849
665	5065
665	760
665	2945
665	2690
665	387
665	2881
665	386
665	2479
665	3099
665	4891
665	1600
665	420
665	3981
665	151
665	3057
665	4329
665	5015
665	2924
665	4526
665	1654
665	2159
251	4930
251	5798
251	5174
251	5358
251	3024
544	4390
544	358
544	1321
544	1144
544	2014
544	4234
544	3482
544	1818
544	5431
544	5410
544	213
544	5841
544	3318
544	947
544	3952
544	2365
544	169
544	4605
544	4635
544	2032
544	3563
544	2741
108	3925
108	2150
108	4560
108	386
108	4891
108	3981
108	5015
108	2924
108	1654
69	2038
69	5673
69	1687
69	3258
288	4794
288	2414
288	600
288	1519
288	1600
262	2825
262	3259
262	3110
537	5364
537	3075
537	1219
537	3875
537	5287
537	4437
400	4562
400	2938
400	5289
400	3846
400	3837
400	2955
400	506
400	3198
400	4949
400	2409
400	26
400	3789
400	2413
400	5191
400	6041
400	3412
400	2368
400	2949
400	961
400	4211
162	2414
162	600
162	5812
210	3431
210	2300
210	4553
210	4663
210	5295
210	1142
210	5265
210	3471
210	2883
210	2864
210	5426
210	546
210	4924
71	789
71	5717
144	3658
144	1227
385	3274
385	3627
305	2014
305	3482
305	5017
305	2160
305	213
305	4790
305	6002
305	2365
305	4731
305	2535
305	1284
557	420
346	5515
580	4999
580	2189
580	4314
580	5894
580	3047
580	1127
580	2500
580	531
580	4687
580	5622
190	1519
190	3274
190	3259
190	4172
190	4748
190	5168
190	921
190	5120
190	4731
190	3010
363	2342
363	1998
363	4941
363	2952
363	916
306	2342
306	4731
306	4124
663	613
663	1231
663	1998
370	4232
370	1580
370	4060
370	4683
370	1417
370	619
370	2784
370	2948
370	5656
370	2565
370	4097
370	3259
370	3634
370	2516
370	2490
370	399
370	54
370	1731
240	5935
240	1144
240	5928
240	1905
240	4511
240	1215
240	4519
240	5841
240	3043
240	4067
240	3308
240	3698
240	3952
240	4653
240	5234
240	1571
240	1504
499	2052
499	2409
499	2772
499	420
499	2419
499	4978
597	3791
597	5952
597	4139
597	6024
597	3259
597	2608
597	2373
597	784
597	3063
597	5034
597	3496
111	4731
228	358
24	1799
24	5819
24	3214
24	5798
24	2075
24	1312
24	2671
24	4299
24	3766
24	3582
24	3204
24	3232
24	870
24	732
24	1961
24	5875
24	4224
24	5599
24	2101
24	4616
24	1268
651	132
651	4001
604	2414
604	600
604	1318
604	4122
428	5351
428	3237
428	3274
428	4285
428	26
428	3627
656	934
656	1019
656	3457
656	4293
656	3987
656	1904
656	741
106	5351
106	2038
106	3258
442	171
442	2935
442	2129
442	934
442	1019
442	3336
442	4632
442	3457
442	4783
442	4293
442	3987
442	1904
442	741
408	4069
408	4368
300	5935
300	5645
300	2414
300	600
300	312
300	3732
300	1136
300	2714
300	3811
529	4232
529	4794
529	943
529	2543
529	358
529	2769
529	5351
529	4393
529	5535
529	1622
529	3212
529	4683
529	1417
529	1681
529	783
529	2150
529	4301
529	3639
529	619
529	2784
529	3800
529	2723
529	4176
529	1362
529	2948
529	5515
529	4646
529	4519
529	4800
529	3702
529	3287
529	3200
529	1930
529	3274
529	5833
529	3259
529	5410
529	3634
529	5092
529	3288
529	2510
529	2857
529	1322
529	5794
529	2641
529	1424
529	2516
529	2113
529	750
529	1679
529	3627
529	931
529	2690
529	5115
529	3539
529	822
529	1949
529	132
529	5757
529	3252
529	3362
529	1293
529	1032
529	871
529	5754
529	1415
529	3351
529	5381
529	990
529	5546
529	4305
529	5168
529	2353
529	1600
529	5352
529	2204
529	399
529	54
529	2273
529	1448
529	1682
529	1748
529	3981
529	1731
529	4329
529	5444
529	3273
529	1319
529	2256
150	5964
150	5351
150	5214
150	4511
150	5502
150	4419
150	183
150	2386
150	3043
150	3172
150	1514
150	3242
150	5862
150	3187
150	1696
150	5625
150	4217
150	4315
150	970
150	4686
150	2694
150	336
150	3979
150	1289
150	895
150	5760
150	5757
150	11
150	5198
150	3694
150	2362
150	2371
150	4812
150	4184
150	4305
150	5168
150	854
150	294
150	697
150	2256
603	3255
539	5964
539	5351
539	2088
539	4419
539	183
539	3242
539	5862
539	1696
539	5625
539	4217
539	4315
539	970
539	1289
539	5760
539	5757
539	5198
539	3694
539	4184
539	3902
539	4305
539	5168
539	697
539	2137
539	461
539	5372
539	2256
388	257
388	3431
388	3580
388	5214
388	4237
388	1019
388	1470
388	4251
388	4345
388	5477
388	3997
388	749
388	1626
388	5555
388	2265
388	4831
388	2874
388	2683
388	5991
388	300
388	2694
388	2100
388	5080
388	725
388	1426
388	1931
388	508
388	1583
388	294
388	3040
388	4409
388	4731
388	2919
388	3905
388	5318
185	4252
185	4776
185	2816
185	3808
185	5436
220	3687
220	6072
562	4663
562	3386
562	3021
562	2883
336	3042
336	5628
336	2009
336	5725
336	5017
336	2160
336	1471
336	352
336	5127
336	3732
336	250
336	557
336	6002
336	854
336	4274
336	4935
336	5593
336	4371
336	2836
336	5988
336	3441
336	4731
336	439
336	2598
588	3290
588	5351
588	2414
588	5017
588	4779
588	4623
588	1244
588	1905
588	2272
588	4837
588	2160
588	2297
588	2851
588	5305
588	1766
588	1330
588	3732
588	1838
588	5757
588	5987
588	6002
588	4305
588	5353
588	4932
588	5168
588	1998
588	2423
588	4731
588	6054
588	2256
107	3274
107	3627
238	1390
238	5515
238	836
238	279
640	3894
640	213
640	3964
640	435
640	2365
640	296
256	2342
256	4511
256	3043
66	2088
66	2038
66	3258
66	1309
66	428
66	3035
157	4562
157	979
157	2767
157	3678
157	3484
157	4252
157	5857
157	4383
157	4792
157	5191
157	854
157	1998
157	5580
157	4776
157	2816
157	3648
157	3808
157	5436
230	4466
460	3966
460	4419
460	1073
460	4670
617	3274
617	3627
524	613
524	420
689	3259
682	5774
682	5786
682	132
33	6089
33	3569
33	213
33	2365
33	937
33	1375
657	5351
96	5527
96	5673
96	4051
96	1554
140	1140
140	1916
263	4786
263	358
263	5351
263	835
263	5894
263	4261
263	1487
263	2888
263	1255
263	1140
263	1135
263	5757
263	5064
263	4305
263	5168
263	2256
179	3185
179	2726
179	420
278	2414
278	600
278	979
257	5351
257	5774
257	5786
257	2414
257	1675
257	2767
257	4519
257	2242
257	5757
257	4305
257	5168
257	2256
594	5214
594	1905
594	1215
594	3274
594	2694
594	3627
594	294
594	5234
51	5351
661	776
661	3259
349	2038
349	2565
349	3258
349	2627
641	132
109	1669
182	2006
182	2414
182	5030
182	2607
182	2794
182	2735
182	527
182	4065
182	5889
182	1641
182	149
508	5351
508	5757
508	4305
508	5168
508	2256
235	2341
235	3274
235	760
235	3627
235	1998
235	4731
235	4923
441	358
441	2510
209	5715
209	619
209	2784
209	2948
209	2516
209	2864
209	3111
209	3525
209	3872
209	399
209	54
209	2288
280	5551
280	4553
280	3459
280	655
280	2145
280	1941
280	157
280	3732
280	1427
280	3622
280	455
280	5072
280	5803
280	1934
280	3050
118	5351
118	2434
118	6046
118	1051
118	5403
118	4852
118	3032
118	3598
118	5757
118	5959
118	2270
118	1998
118	420
118	5638
118	1844
480	2342
480	6042
480	5017
480	2160
480	2294
480	3266
480	2703
480	6002
480	854
480	5033
480	635
480	4731
119	3824
119	1420
119	835
119	1905
119	1215
119	3484
119	5433
119	2968
119	2748
119	2849
119	5370
119	387
119	3099
119	5234
119	5823
119	3432
188	358
188	2825
188	3259
188	213
188	3110
188	2365
611	2414
611	600
611	2833
611	1943
611	947
611	5686
611	5852
611	4204
611	2995
186	5297
186	5515
186	2630
186	2235
186	4088
186	3121
244	358
244	4511
244	3043
244	609
244	4543
244	4997
244	1575
244	6118
244	5503
464	3431
464	5935
464	2767
464	5295
464	3471
137	4685
137	4519
137	173
137	420
470	4854
359	5935
359	1070
359	333
359	4496
359	5105
359	5432
359	4120
359	5708
121	5351
121	1155
121	2343
121	6045
121	1905
121	4268
121	5301
121	2878
121	3598
121	5442
121	5757
121	2270
121	3687
121	6072
121	4305
121	5168
121	5870
121	560
121	2423
121	3050
121	2256
462	5515
100	5527
100	3274
100	4051
100	3627
100	1554
57	4148
57	405
57	5526
47	943
47	5715
47	2596
47	1424
47	4592
47	428
47	3872
47	1682
47	5444
227	320
227	2342
227	613
227	4779
227	4623
227	3259
227	213
227	4573
227	1967
227	3631
227	3992
227	5305
227	4068
227	3372
227	3732
227	913
227	5175
227	1179
227	1838
227	319
227	2763
227	5987
227	2365
227	5419
227	1987
574	5351
574	5757
574	4305
574	5168
574	2256
638	2548
638	5163
638	522
271	5816
271	1474
516	1417
516	4176
516	3806
516	4602
516	5546
322	2414
322	600
322	5265
322	3572
322	869
322	377
322	758
322	1970
322	4354
322	200
153	4575
153	3732
153	238
14	726
14	3274
14	3627
693	5144
693	835
693	1417
693	275
693	2183
693	507
693	1140
693	2748
693	2936
693	5370
693	444
693	5016
693	4675
693	5823
693	3432
103	4114
103	4822
103	4455
103	5225
103	5682
103	276
103	331
103	897
103	2862
103	533
103	5684
399	4837
399	2096
399	726
399	1519
399	1330
399	2200
399	1180
399	2156
399	3603
399	2423
528	97
275	4342
275	4560
275	1140
275	386
275	4891
275	4287
275	2312
275	5015
275	2924
275	1654
659	2341
659	3274
659	4252
659	760
659	3627
659	4776
659	2816
659	3808
659	5436
283	1329
0	6121
1	6121
2	6121
3	6121
4	6121
5	6121
6	6121
7	6121
8	6121
9	6121
10	6121
11	6121
12	6121
13	6121
14	6121
15	6121
16	6121
17	6121
18	6121
19	6121
20	6121
21	6121
22	6121
23	6121
24	6121
25	6121
26	6121
27	6121
28	6121
29	6121
30	6121
31	6121
32	6121
33	6121
34	6121
35	6121
36	6121
37	6121
38	6121
39	6121
40	6121
41	6121
42	6121
43	6121
44	6121
45	6121
46	6121
47	6121
48	6121
49	6121
50	6121
51	6121
52	6121
53	6121
54	6121
55	6121
56	6121
57	6121
58	6121
59	6121
60	6121
61	6121
62	6121
63	6121
64	6121
65	6121
66	6121
67	6121
68	6121
69	6121
70	6121
71	6121
72	6121
73	6121
74	6121
75	6121
76	6121
77	6121
78	6121
79	6121
80	6121
81	6121
82	6121
83	6121
84	6121
85	6121
86	6121
87	6121
88	6121
89	6121
90	6121
91	6121
92	6121
93	6121
94	6121
95	6121
96	6121
97	6121
98	6121
99	6121
100	6121
101	6121
102	6121
103	6121
104	6121
105	6121
106	6121
107	6121
108	6121
109	6121
110	6121
111	6121
112	6121
113	6121
114	6121
115	6121
116	6121
117	6121
118	6121
119	6121
120	6121
121	6121
122	6121
123	6121
124	6121
125	6121
126	6121
127	6121
128	6121
129	6121
130	6121
131	6121
132	6121
133	6121
134	6121
135	6121
136	6121
137	6121
138	6121
139	6121
140	6121
141	6121
142	6121
143	6121
144	6121
145	6121
146	6121
147	6121
148	6121
149	6121
150	6121
151	6121
152	6121
153	6121
154	6121
155	6121
156	6121
157	6121
158	6121
159	6121
160	6121
161	6121
162	6121
163	6121
164	6121
165	6121
166	6121
167	6121
168	6121
169	6121
170	6121
171	6121
172	6121
173	6121
174	6121
175	6121
176	6121
177	6121
178	6121
179	6121
180	6121
181	6121
182	6121
183	6121
184	6121
185	6121
186	6121
187	6121
188	6121
189	6121
190	6121
191	6121
192	6121
193	6121
194	6121
195	6121
196	6121
197	6121
198	6121
199	6121
200	6121
201	6121
202	6121
203	6121
204	6121
205	6121
206	6121
207	6121
208	6121
209	6121
210	6121
211	6121
212	6121
213	6121
214	6121
215	6121
216	6121
217	6121
218	6121
219	6121
220	6121
221	6121
222	6121
223	6121
224	6121
225	6121
226	6121
227	6121
228	6121
229	6121
230	6121
231	6121
232	6121
233	6121
234	6121
235	6121
236	6121
237	6121
238	6121
239	6121
240	6121
241	6121
242	6121
243	6121
244	6121
245	6121
246	6121
247	6121
248	6121
249	6121
250	6121
251	6121
252	6121
253	6121
254	6121
255	6121
256	6121
257	6121
258	6121
259	6121
260	6121
261	6121
262	6121
263	6121
264	6121
265	6121
266	6121
267	6121
268	6121
269	6121
270	6121
271	6121
272	6121
273	6121
274	6121
275	6121
276	6121
277	6121
278	6121
279	6121
280	6121
281	6121
282	6121
283	6121
284	6121
285	6121
286	6121
287	6121
288	6121
289	6121
290	6121
291	6121
292	6121
293	6121
294	6121
295	6121
296	6121
297	6121
298	6121
299	6121
300	6121
301	6121
302	6121
303	6121
304	6121
305	6121
306	6121
307	6121
308	6121
309	6121
310	6121
311	6121
312	6121
313	6121
314	6121
315	6121
316	6121
317	6121
318	6121
319	6121
320	6121
321	6121
322	6121
323	6121
324	6121
325	6121
326	6121
327	6121
328	6121
329	6121
330	6121
331	6121
332	6121
333	6121
334	6121
335	6121
336	6121
337	6121
338	6121
339	6121
340	6121
341	6121
342	6121
343	6121
344	6121
345	6121
346	6121
347	6121
348	6121
349	6121
350	6121
351	6121
352	6121
353	6121
354	6121
355	6121
356	6121
357	6121
358	6121
359	6121
360	6121
361	6121
362	6121
363	6121
364	6121
365	6121
366	6121
367	6121
368	6121
369	6121
370	6121
371	6121
372	6121
373	6121
374	6121
375	6121
376	6121
377	6121
378	6121
379	6121
380	6121
381	6121
382	6121
383	6121
384	6121
385	6121
386	6121
387	6121
388	6121
389	6121
390	6121
391	6121
392	6121
393	6121
394	6121
395	6121
396	6121
397	6121
398	6121
399	6121
400	6121
401	6121
402	6121
403	6121
404	6121
405	6121
406	6121
407	6121
408	6121
409	6121
410	6121
411	6121
412	6121
413	6121
414	6121
415	6121
416	6121
417	6121
418	6121
419	6121
420	6121
421	6121
422	6121
423	6121
424	6121
425	6121
426	6121
427	6121
428	6121
429	6121
430	6121
431	6121
432	6121
433	6121
434	6121
435	6121
436	6121
437	6121
438	6121
439	6121
440	6121
441	6121
442	6121
443	6121
444	6121
445	6121
446	6121
447	6121
448	6121
449	6121
450	6121
451	6121
452	6121
453	6121
454	6121
455	6121
456	6121
457	6121
458	6121
459	6121
460	6121
461	6121
462	6121
463	6121
464	6121
465	6121
466	6121
467	6121
468	6121
469	6121
470	6121
471	6121
472	6121
473	6121
474	6121
475	6121
476	6121
477	6121
478	6121
479	6121
480	6121
481	6121
482	6121
483	6121
484	6121
485	6121
486	6121
487	6121
488	6121
489	6121
490	6121
491	6121
492	6121
493	6121
494	6121
495	6121
496	6121
497	6121
498	6121
499	6121
500	6121
501	6121
502	6121
503	6121
504	6121
505	6121
506	6121
507	6121
508	6121
509	6121
510	6121
511	6121
512	6121
513	6121
514	6121
515	6121
516	6121
517	6121
518	6121
519	6121
520	6121
521	6121
522	6121
523	6121
524	6121
525	6121
526	6121
527	6121
528	6121
529	6121
530	6121
531	6121
532	6121
533	6121
534	6121
535	6121
536	6121
537	6121
538	6121
539	6121
540	6121
541	6121
542	6121
543	6121
544	6121
545	6121
546	6121
547	6121
548	6121
549	6121
550	6121
551	6121
552	6121
553	6121
554	6121
555	6121
556	6121
557	6121
558	6121
559	6121
560	6121
561	6121
562	6121
563	6121
564	6121
565	6121
566	6121
567	6121
568	6121
569	6121
570	6121
571	6121
572	6121
573	6121
574	6121
575	6121
576	6121
577	6121
578	6121
579	6121
580	6121
581	6121
582	6121
583	6121
584	6121
585	6121
586	6121
587	6121
588	6121
589	6121
590	6121
591	6121
592	6121
593	6121
594	6121
595	6121
596	6121
597	6121
598	6121
599	6121
600	6121
601	6121
602	6121
603	6121
604	6121
605	6121
606	6121
607	6121
608	6121
609	6121
610	6121
611	6121
612	6121
613	6121
614	6121
615	6121
616	6121
617	6121
618	6121
619	6121
620	6121
621	6121
622	6121
623	6121
624	6121
625	6121
626	6121
627	6121
628	6121
629	6121
630	6121
631	6121
632	6121
633	6121
634	6121
635	6121
636	6121
637	6121
638	6121
639	6121
640	6121
641	6121
642	6121
643	6121
644	6121
645	6121
646	6121
647	6121
648	6121
649	6121
650	6121
651	6121
652	6121
653	6121
654	6121
655	6121
656	6121
657	6121
658	6121
659	6121
660	6121
661	6121
662	6121
663	6121
664	6121
665	6121
666	6121
667	6121
668	6121
669	6121
670	6121
671	6121
672	6121
673	6121
674	6121
675	6121
676	6121
677	6121
678	6121
679	6121
680	6121
681	6121
682	6121
683	6121
684	6121
685	6121
686	6121
687	6121
688	6121
689	6121
690	6121
691	6121
692	6121
693	6121
694	6121
695	6121