233	709
233	2063
233	1475
5	709
5	1439
5	553
5	2063
5	1260
5	176
366	1052
366	1054
463	1328
463	1674
463	1248
463	1950
463	1912
463	1773
463	1175
463	1955
463	1274
463	1341
463	57
463	281
463	351
463	703
463	397
463	1217
463	213
463	1909
285	743
285	1001
285	208
535	37
66	1360
284	1310
184	390
184	88
184	1578
184	622
184	1392
184	2053
184	647
184	1162
184	1336
582	418
582	289
582	195
582	1484
582	233
386	1497
386	993
386	390
386	1814
386	1592
386	998
386	419
386	349
386	1326
386	1166
386	1779
386	1658
386	1964
386	1389
386	280
386	2063
386	1762
386	1243
386	1172
386	700
386	1907
386	1695
386	708
386	572
386	1956
386	1850
386	1443
386	402
386	743
386	1605
386	1493
386	1630
386	1560
386	693
386	137
386	576
386	294
386	1475
386	1305
386	963
386	1833
386	1770
386	1879
386	1102
386	804
386	507
386	1874
386	1468
386	1667
386	867
386	1351
386	250
386	1323
386	1162
386	1796
386	1363
386	235
386	687
386	1910
386	581
386	1154
386	406
386	763
386	1075
386	1375
386	198
386	187
386	909
386	1738
386	625
386	405
386	496
386	1683
386	1587
298	2063
298	146
118	146
375	1779
375	736
375	971
672	658
672	1248
672	904
672	1730
672	1631
672	1773
672	1955
672	1729
672	788
672	565
672	351
672	1909
672	625
264	658
264	1526
264	1651
264	1776
441	1533
103	301
103	1998
318	841
318	1397
318	1984
318	1725
318	1547
318	1032
318	145
235	1627
235	156
399	1887
11	1439
11	733
11	1067
11	1534
11	728
11	195
11	708
11	395
11	1899
11	663
11	1207
11	142
11	73
11	1841
11	1948
11	863
11	1157
11	715
11	859
11	406
11	2012
11	1099
664	820
664	1950
664	2063
664	728
664	195
664	1933
664	1376
664	1713
664	517
664	1850
664	1227
664	398
664	554
664	797
664	1677
664	1577
664	290
664	979
664	1005
664	1975
664	1686
664	258
664	961
664	1162
664	1614
664	722
664	859
664	747
114	806
114	322
114	1222
114	643
114	72
114	776
114	2001
114	398
114	205
114	704
114	290
114	358
114	493
304	1133
304	643
304	1507
304	1009
304	1248
304	418
304	11
304	353
304	705
304	608
304	1911
304	808
304	1941
304	521
304	1444
304	421
304	1760
304	281
304	142
304	1829
304	1995
304	258
304	1162
304	1809
304	212
304	2013
304	625
228	1439
228	429
228	1274
228	1911
228	1316
24	1604
24	1009
24	737
24	421
24	302
24	811
24	327
24	20
293	708
293	194
595	207
595	709
595	1439
595	2063
595	340
595	1933
595	1713
595	32
595	1630
595	196
595	1829
595	1221
595	397
595	1527
595	1025
595	1187
595	1546
595	2013
595	625
488	73
168	304
168	1130
175	1493
175	1065
119	1439
119	246
454	1019
221	1695
355	1318
355	553
355	1024
355	2063
355	1723
355	1218
355	1203
355	738
355	363
355	668
244	1950
244	242
295	1851
61	1619
61	1448
61	1539
61	1766
61	1950
61	1754
61	2063
61	1170
61	1631
61	1282
61	718
61	1773
61	1955
61	1695
61	513
61	32
61	239
61	421
61	124
61	1069
61	1630
61	920
61	1113
61	1182
61	1190
61	1427
61	193
61	2054
61	255
61	424
61	208
61	625
389	1344
389	1223
389	1406
591	466
591	835
121	242
128	762
128	1430
599	490
599	1095
599	666
599	541
599	1529
599	1699
599	1914
596	1950
596	789
596	1475
596	1116
325	1224
603	904
603	1658
142	2063
569	953
2	1597
2	1246
2	1769
2	397
2	1842
2	1162
667	591
667	1969
667	1873
667	1012
667	2063
667	1067
667	1597
667	261
667	1329
667	1355
667	1129
667	431
667	569
667	1585
667	1560
667	606
667	238
667	1772
667	73
667	1162
667	1472
667	1474
667	1571
667	1670
667	1401
667	152
667	909
667	1963
338	1621
338	751
338	1439
338	418
338	172
338	957
338	1260
338	596
338	331
338	603
338	1420
338	323
338	1641
338	583
338	684
338	1850
338	394
338	1750
338	741
338	492
338	1636
338	111
338	1714
338	1069
338	1547
338	663
338	1128
338	985
338	281
338	614
338	855
338	1834
338	1882
338	1553
338	1005
338	1975
338	618
338	646
338	1093
338	1947
338	873
338	1991
338	1715
338	842
338	940
338	136
338	47
274	591
274	1209
274	751
274	643
274	1318
274	1049
274	2063
274	971
274	1271
274	331
274	1849
274	1000
274	777
274	353
274	718
274	680
274	1392
274	517
274	2011
274	2027
274	2001
274	1568
274	1528
274	80
274	1409
274	663
274	1341
274	57
274	386
274	1128
274	1645
274	985
274	281
274	614
274	1882
274	1065
274	1961
274	1975
274	1847
274	618
274	514
274	1162
274	25
274	646
274	1093
274	1173
274	873
274	1991
274	1830
274	1920
274	940
274	1670
274	747
274	662
274	930
643	1275
643	1370
643	1242
643	1282
643	718
643	2027
643	394
643	1761
643	1240
643	618
643	1162
643	617
643	747
643	662
348	1825
348	1449
348	290
348	1499
465	80
465	873
281	401
281	910
281	1646
281	242
332	557
332	1845
480	1856
480	259
480	56
538	423
538	910
538	517
538	1259
538	1164
538	991
538	1405
538	1404
538	1231
538	592
538	984
538	1875
538	1364
538	917
538	256
538	778
538	764
538	600
538	1181
538	1645
538	1174
538	364
538	781
538	883
538	1765
538	1816
210	1065
210	1456
395	658
395	1526
395	1651
395	945
395	161
395	1776
395	940
395	1299
16	694
16	274
213	694
213	274
499	1170
499	625
231	1356
231	654
231	1408
231	1439
231	1943
231	483
231	1229
231	1918
231	1370
231	990
231	72
231	633
231	1534
231	2036
231	1549
231	728
231	195
231	1731
231	718
231	708
231	395
231	378
231	2006
231	1355
231	592
231	1875
231	1493
231	112
231	398
231	663
231	246
231	82
231	281
231	1607
231	1489
231	290
231	694
231	2007
231	1735
231	1995
231	1151
231	234
231	1441
231	1841
231	647
231	1948
231	1686
231	258
231	1676
231	1446
231	1600
231	399
231	618
231	1810
231	1037
231	1162
231	1186
231	2060
231	1830
231	1157
231	715
231	1016
231	1411
231	902
231	1958
231	406
231	136
231	85
231	555
231	803
172	2036
57	894
14	552
135	1892
135	404
135	1916
135	1559
135	642
135	1077
135	1589
135	2046
135	217
135	1324
135	362
513	2026
513	990
513	2063
513	139
513	1695
513	1645
513	1743
513	1975
513	781
513	1162
513	1780
513	1765
475	111
117	1205
117	648
117	348
117	656
117	733
117	1394
117	165
117	1933
117	546
117	517
117	866
117	1669
117	246
117	82
117	1890
117	1489
117	1686
117	233
117	940
117	406
117	1632
231	1238
133	1569
133	1273
133	1126
133	1780
181	1805
181	1190
190	1724
190	1787
190	1366
190	1554
190	237
190	1950
190	54
190	139
190	140
190	621
190	1623
190	1263
190	1547
190	113
190	885
190	1385
190	692
190	108
190	298
190	1535
190	379
190	1851
410	982
685	1578
685	1950
685	1898
685	420
685	1147
685	513
685	1977
685	1107
685	1721
685	1279
685	1905
685	1162
685	1832
685	405
28	1107
28	219
548	1170
548	1067
548	971
548	1749
548	1643
548	1415
548	1789
548	273
566	997
566	2005
506	1734
506	615
506	1420
506	2003
652	1751
159	1439
159	1929
159	1870
200	643
200	1507
200	1730
200	353
200	281
200	142
200	1829
200	979
200	811
200	1425
200	2013
191	1623
191	1547
305	676
305	650
632	340
632	1654
216	1439
216	65
216	353
216	1875
216	834
10	708
289	1534
691	1238
691	1560
691	220
23	709
23	2063
552	982
552	1578
552	734
552	1370
552	1658
552	1751
552	1723
552	2036
552	1132
552	565
552	1128
552	422
552	143
552	1917
552	1978
552	175
552	1648
552	1483
552	1120
552	1530
552	1086
552	1851
552	765
552	2013
552	625
323	469
323	2063
323	1751
323	1560
323	403
323	1251
323	1530
323	1086
689	1471
163	1162
431	591
431	473
431	595
431	419
431	1507
431	758
431	899
431	237
431	1439
431	1578
431	1876
431	1300
431	1766
431	1950
431	904
431	1089
431	551
431	1779
431	76
431	736
431	2063
431	958
431	1751
431	1218
431	1228
431	1287
431	1940
431	567
431	181
431	947
431	1680
431	649
431	440
431	1933
431	1643
431	1821
431	104
431	243
431	1007
431	619
431	570
431	395
431	1629
431	1202
431	1550
431	1294
431	1623
431	421
431	57
431	1761
431	604
431	1035
431	1551
431	821
431	1942
431	22
431	1679
431	1778
431	1829
431	128
431	377
431	706
431	1486
431	782
431	2007
431	1932
431	2063
431	598
431	241
431	397
431	1032
431	2061
431	857
431	383
431	1582
431	1185
431	695
431	670
431	1789
431	118
431	343
431	1548
431	295
431	339
431	1327
431	1239
431	755
431	235
431	1533
431	1921
431	697
431	1851
431	833
431	486
431	747
431	2005
431	2012
431	1701
431	1330
431	56
431	158
431	625
431	748
431	499
290	1679
554	758
554	1394
554	1766
554	1779
554	736
554	2063
554	243
554	1679
554	1778
554	1582
554	1091
554	625
396	899
396	1578
396	1766
396	1950
396	1730
396	947
396	205
396	125
396	1990
396	1679
396	545
396	857
396	1582
396	877
396	385
396	1555
130	1202
130	204
9	473
9	335
9	1341
9	205
137	1950
246	1394
255	591
255	2063
255	1751
255	953
528	2063
692	317
620	818
350	591
350	1205
350	1391
350	1066
350	2016
350	1414
350	1786
350	1950
350	553
350	9
350	1639
350	2063
350	420
350	353
350	1274
350	341
350	1695
350	1447
350	2004
350	1713
350	517
350	1203
350	882
350	395
350	1850
350	2001
350	1303
350	948
350	1980
350	1835
350	822
350	398
350	1547
350	246
350	1722
350	1128
350	281
350	554
350	1475
350	704
350	1794
350	506
350	1109
350	1107
350	641
350	716
350	103
350	258
350	863
350	114
350	1416
350	1323
350	1037
350	1162
350	774
350	609
350	449
350	617
350	2021
350	1141
350	581
350	1958
350	1692
350	159
350	1278
350	1771
350	1206
350	406
350	427
350	747
350	679
350	34
350	415
350	625
350	1843
512	517
512	27
512	844
512	1547
512	281
512	824
512	1967
512	1162
614	180
614	1141
107	1503
107	2017
240	1578
240	2063
240	1433
138	633
138	220
650	975
650	1749
650	708
650	780
650	1058
650	136
680	1058
680	1580
82	1805
82	2048
82	1174
82	1162
82	964
82	2017
82	981
82	162
82	765
436	353
436	46
436	1174
429	915
429	1004
429	708
429	1482
429	1829
429	639
429	2007
429	716
429	1810
429	1111
429	697
429	136
429	2013
429	107
354	1566
226	1829
173	709
173	2063
573	1817
491	249
491	1162
17	398
299	591
299	2026
299	1578
299	1248
299	494
299	1950
299	904
299	2063
299	1723
299	910
299	1673
299	353
299	1749
299	1955
299	1004
299	788
299	708
299	950
299	398
299	1069
299	1560
299	836
299	985
299	281
299	1475
299	276
299	49
299	1917
299	1174
299	397
299	1162
299	1780
299	1765
299	1571
299	1424
299	725
299	1386
299	625
132	1248
132	428
132	1083
132	395
132	1107
132	1111
132	1533
132	625
53	709
53	1439
53	2063
53	1428
53	1612
53	1870
67	618
67	1817
277	1649
277	669
277	700
277	353
277	2036
277	336
277	853
277	1866
277	882
277	992
277	1493
277	112
277	1714
277	1747
277	1973
277	972
277	176
277	842
277	878
277	1670
277	1075
277	405
277	1371
277	1726
76	1328
76	1345
76	374
76	1439
76	293
76	1394
76	1950
76	1098
76	1658
76	1269
76	2063
76	1170
76	1461
76	1243
76	1877
76	1631
76	1564
76	718
76	1773
76	1955
76	794
76	1970
76	1695
76	1532
76	395
76	743
76	959
76	1494
76	1113
76	1035
76	1434
76	2033
76	1456
76	1590
76	1983
76	997
76	1847
76	1527
76	1387
76	634
76	1533
76	1880
76	1851
76	208
76	1154
76	56
76	651
76	909
76	625
76	1727
412	374
412	975
412	2063
412	1461
412	1243
412	1631
412	614
412	1020
412	1983
412	997
412	1383
412	1533
412	1851
412	208
412	1154
412	625
344	718
344	915
344	250
688	1
579	591
579	2
579	1438
579	1936
579	709
579	1325
579	371
579	1248
579	138
579	812
579	783
579	2063
579	1751
579	206
579	423
579	870
579	139
579	331
579	1193
579	93
579	714
579	905
579	2036
579	730
579	2029
579	1458
579	969
579	395
579	1142
579	817
579	378
579	1493
579	112
579	1760
579	246
579	1722
579	1128
579	985
579	1022
579	321
579	682
579	1283
579	1065
579	1171
579	1456
579	210
579	1174
579	2007
579	1879
579	1894
579	258
579	618
579	1698
579	1908
579	1816
579	902
579	392
579	194
579	1278
579	1424
579	1851
579	1206
579	1613
579	1235
579	1055
579	436
579	305
579	1371
579	97
102	2
102	1438
102	1787
102	172
102	736
102	2063
102	1751
102	1534
102	1959
102	139
102	331
102	353
102	1714
102	836
102	985
102	682
102	1065
102	290
102	210
102	1174
102	1553
102	262
102	1851
102	136
102	1235
102	1371
3	180
1	1065
487	482
487	483
487	1049
487	553
487	429
487	1732
487	708
487	1626
487	1065
487	1107
487	290
487	1721
487	2007
487	863
487	1162
487	159
487	1851
487	1206
487	320
487	747
487	405
81	1714
81	290
171	237
171	2063
171	775
171	451
171	193
315	990
315	1509
315	1851
315	1206
225	1649
225	2052
225	389
225	1219
225	1950
225	904
225	1658
225	2063
225	1751
225	1723
225	818
225	214
225	132
225	1760
225	1148
225	290
225	1042
225	397
225	1468
225	271
225	1286
225	618
225	1323
225	2034
225	1530
225	244
493	1950
493	2063
493	1170
601	990
601	910
601	714
601	2039
601	817
601	45
601	1493
601	1560
601	663
601	445
601	26
601	1065
601	749
601	1894
601	1509
601	1851
601	1206
345	1497
345	1459
345	1318
345	1284
345	990
345	1950
345	151
345	911
345	1271
345	1094
345	353
345	1175
345	1191
345	960
345	1713
345	969
345	912
345	944
345	431
345	222
345	1407
345	752
345	1855
345	1065
345	210
345	1721
345	1174
345	1511
345	1628
345	2053
345	1360
345	1441
345	1590
345	951
345	1841
345	1961
345	1975
345	1101
345	258
345	863
345	1162
345	202
345	995
345	162
345	1802
345	940
485	353
485	1627
485	156
147	911
147	1036
147	1184
147	1022
147	1485
147	1065
147	863
147	873
160	1784
160	911
160	1238
160	985
160	1485
160	2053
160	863
160	1627
160	156
160	909
73	130
73	1297
73	488
73	1439
73	1912
73	1067
73	1906
73	691
73	1742
73	1387
73	1795
73	1947
73	1436
73	208
73	909
73	1963
469	130
469	1297
469	860
469	1658
469	1067
469	228
469	1906
469	1568
469	1721
469	1947
469	879
469	1536
469	208
469	1299
427	1420
427	1574
269	1941
265	2
640	13
640	1233
640	1879
640	1054
640	842
180	1299
36	1658
36	1096
4	1480
4	1564
4	710
4	784
4	1264
4	525
4	1860
4	163
571	2063
12	1067
12	1900
58	1448
122	246
340	1325
242	553
242	1549
242	718
242	940
625	1133
625	1766
625	1043
625	370
625	1779
625	1658
625	1751
625	1420
625	637
625	540
625	1436
625	625
625	809
421	1085
435	1153
514	806
514	2
514	1170
514	2036
514	229
514	1887
514	952
514	216
514	1760
514	281
514	220
514	1794
514	1999
514	966
514	525
514	716
514	618
514	430
514	679
514	1537
369	237
369	1943
369	1578
369	553
369	1723
369	517
369	616
369	1195
369	1640
369	679
369	1537
369	625
369	809
146	1881
146	1929
146	679
157	35
157	1475
157	430
227	1070
227	77
227	863
227	2025
227	101
263	1784
263	2063
263	708
263	663
263	246
263	1466
263	361
263	906
263	190
574	1658
574	689
574	625
574	1504
676	2063
45	182
478	1475
75	708
75	1961
75	1861
75	538
75	190
669	1961
219	1861
631	197
631	184
631	1617
631	483
631	974
631	299
631	1317
631	1779
631	1749
631	417
631	1792
631	788
631	453
631	1458
631	780
631	2011
631	840
631	999
631	817
631	45
631	43
631	304
631	1130
631	80
631	800
631	739
631	686
631	1263
631	398
631	624
631	445
631	1990
631	749
631	1833
631	1894
631	1350
631	1499
631	1200
631	532
631	17
631	1278
631	2044
394	1788
394	2
394	1749
394	1792
394	788
394	850
394	780
394	624
394	38
394	979
394	861
394	1499
394	17
394	62
34	699
34	151
34	783
34	1417
34	1658
34	1754
34	1853
34	1282
34	788
34	453
34	850
34	1820
34	1758
34	398
34	663
34	319
34	1645
34	985
34	576
34	851
34	1065
34	1833
34	1139
34	1848
34	1058
34	1324
34	436
110	1345
110	553
110	1731
110	708
110	19
110	437
110	892
110	2024
110	1750
110	1150
110	985
110	979
110	1360
110	1160
110	1253
110	1888
110	940
110	668
322	1500
112	860
112	759
112	1549
112	1731
112	1836
112	1725
112	258
112	509
112	1371
84	281
446	543
446	850
446	351
446	965
472	1539
472	1484
483	709
483	2063
483	465
483	583
483	1450
223	390
223	1439
223	1730
223	1214
223	1713
223	1744
223	282
223	1735
223	1240
223	414
223	646
223	1530
223	226
223	2013
372	1439
372	1658
372	1713
372	513
372	1744
372	253
372	1735
372	1240
372	226
372	2013
372	4
174	1181
174	858
174	1092
693	797
694	1549
153	2023
154	483
201	1009
438	310
438	421
484	1209
484	1169
484	1373
211	1852
211	1360
144	1604
415	2063
415	588
415	978
619	1319
583	591
583	2026
583	820
583	1480
583	754
583	65
583	1578
583	1950
583	553
583	1256
583	1898
583	776
583	1658
583	2063
583	1751
583	1805
583	910
583	353
583	1420
583	209
583	1695
583	1004
583	1132
583	565
583	170
583	1364
583	1671
583	421
583	1714
583	1560
583	246
583	1917
583	938
583	2033
583	1117
583	1174
583	979
583	397
583	893
583	1741
583	1162
583	954
583	1937
583	1483
583	1120
583	1211
583	235
583	1530
583	842
583	1851
583	208
583	763
583	577
583	1537
561	1537
158	663
158	527
158	747
158	1655
479	2016
479	473
479	1027
479	1717
479	418
479	904
479	1256
479	1658
479	2063
479	910
479	353
479	945
479	1901
479	1069
479	1735
479	893
479	1206
479	679
479	625
419	2016
419	820
419	1658
419	1751
419	2036
419	1695
419	775
419	124
419	1078
419	594
419	290
419	1975
419	1280
419	136
419	747
419	311
419	625
356	1248
356	2063
356	1751
356	663
356	985
356	1456
356	1103
356	1037
356	1162
356	954
356	1871
356	1685
356	1386
356	625
544	882
544	1547
544	1187
544	1871
544	121
51	1745
51	329
51	2063
51	2003
51	1026
51	1171
56	1787
56	1751
56	340
56	947
56	421
56	1760
56	801
56	1456
56	672
56	618
56	2013
392	1658
392	1713
392	518
392	625
392	809
392	405
49	633
49	567
49	650
49	1338
49	1323
49	307
641	650
346	1950
346	625
150	1293
150	734
150	1035
150	1862
539	1293
384	233
384	1690
653	1759
653	1252
653	74
653	625
653	47
19	591
19	1205
19	1199
19	482
19	184
19	1393
19	1112
19	2035
19	1570
19	709
19	1675
19	1398
19	1248
19	1950
19	428
19	1658
19	714
19	1564
19	2036
19	229
19	452
19	1732
19	1180
19	788
19	1352
19	882
19	394
19	288
19	504
19	432
19	1475
19	1207
19	1834
19	851
19	77
19	938
19	588
19	290
19	1833
19	761
19	760
19	381
19	664
19	1230
19	1195
19	258
19	332
19	1037
19	954
19	660
19	1533
19	355
19	871
19	1187
19	226
19	1851
19	1618
19	1518
19	320
19	1418
19	1023
19	1827
19	625
19	809
19	405
19	1740
460	591
460	2063
460	1716
460	1572
460	625
460	405
105	2047
426	1259
426	1164
426	991
426	1567
426	600
426	1181
567	1720
567	1309
268	1326
268	630
517	1898
517	1043
517	1658
517	1335
517	1282
517	57
517	614
517	433
517	1162
517	1583
517	148
517	1870
239	1658
239	324
239	1059
461	747
572	397
572	208
397	1969
397	268
397	751
397	876
397	1012
397	1271
397	777
397	1175
397	1212
397	837
397	1760
397	606
397	1060
397	760
397	283
397	1358
397	879
397	1311
397	213
397	1401
397	1757
397	152
397	580
397	1963
397	1015
397	625
686	232
686	623
549	1143
549	265
549	1215
549	1969
549	1621
549	268
549	860
549	1254
549	488
549	820
549	2042
549	2063
549	1822
549	1359
549	1274
549	95
549	1653
549	1314
549	1420
549	2003
549	19
549	288
549	1568
549	1201
549	837
549	644
549	704
549	976
549	1721
549	1060
549	1343
549	1419
549	1804
549	1947
549	792
549	872
549	1816
549	1757
549	1015
646	1621
646	268
646	1314
462	1748
462	1803
393	1439
393	1950
393	1481
393	397
639	500
639	958
639	1245
639	1760
639	487
639	638
639	1022
639	1611
654	406
647	346
647	1140
647	406
192	1658
192	1485
192	830
192	1851
192	405
613	346
613	1754
613	493
613	1386
379	175
481	1950
481	1170
481	680
481	1695
481	882
481	290
481	525
481	1244
481	625
481	273
195	802
633	606
633	367
291	1085
411	1560
411	1544
337	362
449	802
229	710
361	164
645	1340
645	1184
645	710
645	1022
645	258
182	584
250	591
250	314
250	1169
250	2063
250	586
250	1893
250	1956
250	1482
250	1659
250	1181
250	1704
250	60
250	691
250	360
250	111
250	57
250	1207
250	1068
250	938
250	2033
250	1770
250	772
250	1533
250	1930
250	1661
250	747
250	1131
678	111
678	173
678	1778
678	2005
678	956
365	629
365	1878
557	290
557	842
557	625
127	1851
615	625
193	1714
687	1898
687	353
687	1174
687	2053
687	1386
400	115
50	925
50	246
526	925
526	1578
526	511
526	1364
526	917
526	246
526	258
43	1621
43	709
43	87
43	2063
43	939
43	397
387	1439
387	1456
387	652
278	44
278	1426
278	709
278	1439
278	87
278	1950
278	2063
278	1170
278	353
278	1628
278	1123
278	1162
278	697
278	842
342	1439
342	1876
342	72
342	1766
342	904
342	880
342	736
342	1730
342	1269
342	2063
342	1822
342	1524
342	1749
342	1519
342	1258
342	585
342	517
342	1259
342	1181
342	223
342	124
342	1598
342	1227
342	398
342	663
342	439
342	836
342	1144
342	1174
342	1003
342	338
342	1667
342	2056
342	827
342	134
342	1790
342	226
342	1010
342	989
342	375
342	753
342	679
342	1386
183	2036
183	1258
183	585
183	1227
183	1361
183	1645
183	989
409	131
409	418
409	72
409	1524
409	124
409	1227
409	167
409	89
409	1010
409	486
409	1952
409	1838
324	975
324	1203
324	1718
362	124
362	1687
362	747
509	72
509	1024
509	1524
509	124
509	1598
509	528
509	1227
509	167
509	6
509	526
167	975
167	340
167	1749
167	775
167	663
167	439
167	57
167	1003
167	486
167	1952
267	553
267	2063
267	1170
267	223
267	1144
267	887
214	2024
214	1906
316	1566
316	286
316	1360
502	591
502	1497
502	1498
502	820
502	876
502	1787
502	1459
502	1318
502	1697
502	1276
502	224
502	990
502	418
502	72
502	1950
502	776
502	1639
502	2063
502	1260
502	139
502	1094
502	714
502	1919
502	353
502	1549
502	718
502	1175
502	144
502	791
502	601
502	229
502	1695
502	1176
502	960
502	1447
502	1713
502	517
502	1470
502	912
502	1036
502	1056
502	431
502	1238
502	1227
502	398
502	439
502	836
502	1407
502	57
502	246
502	1761
502	386
502	1128
502	82
502	281
502	855
502	1677
502	276
502	168
502	1207
502	516
502	1803
502	1577
502	1778
502	380
502	1855
502	1917
502	628
502	1065
502	1320
502	1456
502	290
502	39
502	210
502	1721
502	1174
502	1553
502	161
502	1511
502	1538
502	1628
502	2053
502	979
502	51
502	1441
502	1590
502	1841
502	1976
502	1961
502	1975
502	1101
502	444
502	358
502	1686
502	258
502	863
502	1676
502	1162
502	1140
502	1033
502	1211
502	1830
502	1135
502	1929
502	995
502	2017
502	162
502	940
502	1958
502	556
502	1851
502	208
502	320
502	1235
502	747
502	577
502	123
502	956
502	909
502	1386
502	625
518	876
518	776
518	2063
518	1751
518	911
518	1695
518	57
518	1128
518	1645
518	1485
518	1803
518	1590
518	1162
518	873
329	72
329	1950
329	1784
329	151
329	2063
329	911
329	1094
329	708
329	1447
329	969
329	32
329	1488
329	1036
329	1128
329	985
329	281
329	1184
329	1022
329	1485
329	2053
329	1590
329	230
329	1841
329	1686
329	863
329	1162
329	873
329	1627
329	156
677	1730
677	2063
677	1170
677	1955
129	1821
129	1310
129	1026
129	246
657	726
657	908
604	155
656	733
656	1950
656	496
442	918
97	1547
97	1834
78	1071
580	80
580	836
151	2063
151	1695
151	619
151	921
151	542
151	1533
151	1958
490	910
490	797
597	618
349	72
349	704
516	1206
617	970
617	1837
617	1273
617	1126
292	2063
162	522
162	428
162	2063
162	2036
162	91
162	246
162	979
162	501
162	725
162	496
679	800
679	739
679	333
666	1896
666	1229
666	1578
666	1766
666	1950
666	1046
666	1658
666	669
666	2063
666	1170
666	958
666	1773
666	2001
666	71
666	304
666	1130
666	1026
666	1886
666	345
666	57
666	281
666	1485
666	1434
666	1938
666	49
666	1857
666	290
666	647
666	1960
666	617
666	279
666	725
666	625
666	599
335	1578
335	1766
335	1950
335	1723
335	2036
335	1374
335	969
335	432
335	1174
335	1188
335	1047
94	425
94	1950
94	1658
94	2063
94	1889
94	1777
94	1940
94	1630
94	916
94	1938
94	1824
94	1174
94	2053
94	1527
94	549
94	81
94	1771
94	1537
330	92
111	1658
111	1389
111	188
111	1850
111	1107
111	1174
111	1709
111	405
584	1858
584	1527
374	1658
374	2063
115	1027
257	1578
257	1763
257	1950
257	1256
257	420
257	1147
257	1194
257	1121
257	1085
257	1666
257	583
257	1720
257	1721
257	1097
257	1279
257	760
257	1309
257	618
257	1583
257	697
586	618
586	62
416	952
464	1950
464	1043
440	2
440	1658
440	882
440	773
37	1027
37	1267
205	1089
205	1515
205	200
205	2050
205	667
0	845
658	1695
658	747
541	2
541	1958
494	553
494	1036
494	1645
494	985
494	1962
494	1456
283	797
283	507
134	553
185	1961
563	242
563	1590
87	1590
670	1174
670	740
497	924
417	517
417	647
417	1851
319	633
319	970
319	789
319	650
319	1065
319	1107
319	1174
401	591
401	2016
401	1547
401	1917
401	1251
123	2016
123	1368
123	680
123	431
123	1346
123	1978
578	768
655	591
655	2016
655	1950
655	1624
655	565
655	1560
655	1917
655	1483
655	208
624	758
624	509
624	368
661	1003
279	693
279	1537
54	497
54	523
54	901
54	1171
54	1871
54	735
54	1017
83	1624
83	1608
83	901
83	735
83	625
406	1046
406	735
540	461
540	1894
540	1638
333	426
649	1370
649	1170
649	55
649	1488
649	618
649	713
649	1851
155	135
155	754
155	1569
155	574
155	1730
155	30
155	1970
155	1301
155	1720
155	227
155	410
155	1665
155	77
155	1440
155	1309
155	2040
155	530
155	325
155	1501
155	183
155	23
155	613
391	423
391	1088
391	279
459	785
270	709
270	2063
504	709
504	2063
504	1603
673	647
179	1537
690	1043
690	1779
690	1194
690	1725
690	398
690	663
690	1466
690	884
690	120
690	290
245	1534
245	1725
245	1508
247	1328
247	1439
247	1009
247	1389
247	1238
247	617
542	2026
542	787
542	1318
542	1658
542	1751
542	1695
542	1252
542	1800
542	1174
542	1818
542	2053
542	1323
542	1971
542	1127
542	208
451	1658
451	1202
234	1777
382	1702
382	1036
382	1159
382	965
382	831
382	495
382	617
143	647
143	1323
143	1851
260	647
46	2009
448	1438
448	1439
448	733
448	330
448	633
448	1579
448	59
448	423
448	910
448	331
448	1825
448	475
448	583
448	708
448	1321
448	86
448	1714
448	638
448	1756
448	682
448	380
448	231
448	110
448	1583
448	14
448	97
385	1436
6	475
6	485
86	733
86	1950
86	423
86	485
86	1828
626	1570
626	1873
626	1819
626	1439
626	1717
626	1394
626	1766
626	1950
626	553
626	904
626	175
626	558
626	1455
626	179
626	84
626	76
626	1754
626	1730
626	1269
626	280
626	2063
626	340
626	1218
626	1228
626	2036
626	1420
626	1688
626	1725
626	2014
626	517
626	186
626	1062
626	1610
626	1259
626	1164
626	991
626	1567
626	600
626	1181
626	1985
626	239
626	111
626	1481
626	124
626	160
626	1863
626	281
626	1051
626	690
626	1207
626	889
626	1544
626	1042
626	1986
626	1879
626	2037
626	647
626	397
626	1230
626	1527
626	1378
626	582
626	815
626	1467
626	455
626	1530
626	297
626	547
626	272
626	1891
626	312
626	562
626	1851
626	512
626	1618
626	2013
626	1746
626	368
626	625
626	605
626	1334
420	591
420	746
420	709
420	1578
420	1898
420	2063
420	1170
420	911
420	1631
420	721
420	498
420	1259
420	1164
420	991
420	1567
420	600
420	1181
420	398
420	1573
420	545
420	1514
420	1797
420	1634
420	120
420	128
420	1486
420	1879
420	326
420	529
420	1123
420	697
420	1330
489	127
47	191
424	127
424	504
424	1571
627	127
627	672
46	1672
46	330
46	1389
46	290
46	1491
46	1851
612	354
152	1414
359	1621
359	1950
359	1043
359	280
359	1534
359	1725
359	1236
359	1035
359	805
359	1678
359	1390
359	1857
359	826
359	1197
359	1332
359	1602
359	1635
476	2063
476	788
164	1439
164	788
164	708
164	1171
164	1721
164	1847
609	1475
609	208
106	1653
106	1420
553	400
553	1069
553	1560
59	1069
59	1975
659	353
380	208
642	1950
642	2063
313	797
140	316
402	1621
402	409
402	1835
402	33
402	1978
402	1686
402	1063
402	1436
98	418
98	1574
98	1109
98	747
437	627
437	40
437	1714
437	398
437	246
197	627
197	1926
197	398
197	1851
65	1631
65	208
458	1036
458	153
458	800
458	1278
695	587
695	1590
68	180
68	1067
68	353
68	1036
68	153
68	790
68	80
68	1493
68	276
68	1028
68	1590
68	660
68	617
68	1929
68	1015
433	2063
433	1975
618	2063
618	33
618	472
222	348
222	1767
222	199
222	418
222	228
222	423
222	1849
222	1731
222	1773
222	1599
222	950
222	1625
222	575
222	1450
222	1660
222	568
222	1835
222	220
222	1340
222	416
222	1676
222	5
222	1556
222	1266
222	1771
222	1371
287	1787
287	1619
287	155
287	112
287	398
287	57
287	1162
287	679
287	1371
253	2063
253	102
444	653
444	130
444	591
444	1328
444	328
444	685
444	1031
444	888
444	1989
444	390
444	537
444	2016
444	1112
444	1345
444	1495
444	1617
444	709
444	1439
444	754
444	1318
444	1943
444	483
444	166
444	1525
444	1864
444	65
444	1578
444	734
444	559
444	1496
444	218
444	87
444	1284
444	990
444	1798
444	1994
444	365
444	418
444	1242
444	1296
444	1300
444	656
444	72
444	1766
444	1950
444	553
444	602
444	299
444	522
444	428
444	9
444	1455
444	627
444	880
444	151
444	612
444	1014
444	1981
444	1024
444	388
444	798
444	1658
444	1269
444	2063
444	1822
444	1728
444	340
444	1067
444	423
444	910
444	825
444	1982
444	785
444	971
444	1823
444	957
444	1271
444	1260
444	139
444	1193
444	905
444	1282
444	1524
444	1564
444	252
444	1663
444	353
444	603
444	2036
444	718
444	1773
444	465
444	40
444	1574
444	1924
444	865
444	1013
444	229
444	1695
444	1132
444	2059
444	585
444	1447
444	1392
444	1966
444	1713
444	517
444	1840
444	1470
444	635
444	912
444	1711
444	1850
444	2027
444	1036
444	1303
444	950
444	657
444	1432
444	2006
444	1355
444	431
444	504
444	600
444	1493
444	1980
444	1835
444	822
444	1714
444	1481
444	124
444	1227
444	398
444	1059
444	663
444	439
444	836
444	527
444	1521
444	801
444	1407
444	57
444	717
444	246
444	661
444	1761
444	1466
444	1645
444	281
444	855
444	1475
444	1177
444	284
444	1382
444	1824
444	541
444	380
444	1829
444	1917
444	938
444	588
444	1065
444	1456
444	1107
444	290
444	210
444	1174
444	1772
444	73
444	1735
444	192
444	673
444	161
444	887
444	2050
444	674
444	234
444	816
444	2053
444	979
444	598
444	51
444	1160
444	720
444	584
444	1976
444	387
444	1369
444	262
444	2061
444	1791
444	1667
444	560
444	258
444	863
444	52
444	1331
444	827
444	134
444	891
444	1323
444	307
444	1044
444	1037
444	1200
444	1162
444	1698
444	25
444	1100
444	98
444	1859
444	1801
444	2060
444	1601
444	1093
444	1308
444	493
444	41
444	443
444	1533
444	303
444	723
444	1571
444	1715
444	1929
444	392
444	1540
444	989
444	375
444	753
444	1851
444	1425
444	208
444	1670
444	1771
444	1627
444	725
444	156
444	1418
444	486
444	1104
444	136
444	1235
444	747
444	577
444	2013
444	1782
444	1931
444	679
444	1523
444	1055
444	384
444	1464
444	1118
444	847
444	1347
444	1884
444	701
444	1386
444	625
444	1371
444	1587
522	936
522	553
522	280
522	1517
575	72
575	880
575	612
575	353
575	1013
575	1713
575	1714
575	1227
575	57
575	1065
575	210
575	1174
575	2053
575	1306
575	1601
575	679
575	1464
422	1227
186	1924
202	591
202	2062
202	553
202	1170
202	66
202	1713
202	967
202	32
202	80
202	421
202	1934
202	932
202	2021
202	1638
202	696
187	591
187	553
187	1170
187	1713
187	967
187	80
187	1934
187	2021
187	1638
187	696
187	145
311	591
311	553
311	1170
311	1713
311	247
311	967
311	80
311	1934
311	2021
311	1638
52	257
608	1387
608	303
608	1436
608	696
331	1360
126	70
126	1313
126	214
126	1160
341	191
341	1950
341	1630
341	1475
341	1250
341	1075
341	625
555	983
35	846
35	900
607	1526
607	1651
188	742
547	1261
547	1950
547	2063
547	1100
547	1071
547	1705
547	1099
196	1345
196	350
196	1731
196	718
196	816
196	940
212	820
212	1359
212	2003
212	1152
212	240
212	1975
212	1162
634	130
634	1365
634	373
108	130
108	1365
108	373
108	658
108	1168
665	1712
665	731
665	977
665	2003
665	791
665	229
665	769
665	249
665	797
665	1288
665	1992
665	1644
665	879
665	696
665	1149
665	625
531	591
531	1439
531	1318
531	418
531	185
531	1274
531	95
531	1653
531	1420
531	1904
531	1941
531	1409
531	663
531	1381
531	674
531	891
531	2041
531	833
531	36
531	924
531	213
635	1274
635	1653
635	213
357	1476
357	1983
251	1126
92	1254
92	488
92	820
92	1731
92	718
92	1476
92	1060
92	1947
671	1841
26	1254
26	488
26	820
26	718
26	1476
321	215
321	2008
321	709
321	1009
321	1815
321	1950
321	429
321	1269
321	280
321	2063
321	785
321	1262
321	718
321	86
321	1835
321	257
321	2007
321	250
321	1331
321	154
321	1487
321	1302
321	1809
321	1603
321	202
321	842
321	1115
321	213
590	215
590	962
590	522
590	342
590	880
590	1695
590	1177
439	254
439	1394
439	1170
439	1549
439	1731
439	517
439	249
439	290
439	1844
439	1533
439	940
439	320
439	747
258	876
258	1243
258	353
258	1065
258	949
55	1345
55	1549
55	728
55	195
55	1731
55	718
55	1274
55	1202
55	1138
55	249
55	926
55	1794
55	1489
55	1102
55	250
55	940
55	1832
378	1712
378	265
378	1215
378	904
378	1168
378	1549
378	728
378	718
378	249
378	202
378	940
376	2019
376	497
376	2036
376	186
376	967
376	502
376	203
376	1590
376	1378
376	834
376	660
376	1987
376	1781
376	1367
376	48
373	352
681	510
681	1273
681	1126
238	1318
238	2063
238	1348
262	895
62	1694
545	1372
523	1569
453	758
453	1569
453	1912
453	179
453	1970
453	796
453	1069
453	281
453	1273
453	23
20	1297
20	1475
320	1439
320	1658
320	2063
320	1282
320	310
320	1783
320	1850
320	28
320	650
320	1429
320	398
320	663
320	1533
320	325
320	446
320	725
320	405
79	1439
79	1102
600	1240
564	1061
564	708
564	675
564	887
674	1318
674	2036
674	1792
674	77
674	862
675	1906
675	797
568	709
568	1439
568	1454
568	1950
568	289
568	557
568	2063
568	1203
568	77
568	1065
568	251
568	1583
568	1851
568	156
347	1599
347	1906
347	1340
347	710
347	916
347	77
347	290
347	1948
347	793
347	1040
156	887
156	819
156	233
156	908
156	1951
27	1894
27	1638
27	1580
621	1245
621	1155
621	1894
621	1963
621	1580
450	232
570	517
358	288
358	797
261	709
261	1439
261	1500
503	1328
503	215
503	1439
503	1950
503	718
503	1933
503	1695
503	708
503	1760
503	663
503	220
503	1475
503	1305
503	1905
503	1162
503	154
503	1487
503	625
503	1727
418	87
408	12
254	1852
254	607
215	29
215	1852
215	607
414	1731
414	19
414	1833
414	1422
414	1888
236	1573
236	1833
71	1833
296	1833
15	952
15	409
15	124
15	1794
15	618
15	1076
15	1851
15	2015
21	591
21	357
21	952
21	409
21	133
21	898
21	618
21	1581
21	732
21	273
125	1813
125	406
371	1894
371	1100
371	1657
473	1143
473	1662
473	1547
473	499
456	1143
456	660
474	1547
474	129
474	1003
474	147
177	709
177	87
177	1950
177	1339
177	2063
177	221
177	1695
177	1647
177	890
177	1225
177	1227
177	679
177	83
367	483
367	1534
367	1201
367	1096
367	1839
367	1743
367	618
367	1033
367	62
471	146
471	14
471	1082
405	483
405	13
405	1950
405	32
405	409
405	739
405	795
405	376
405	246
405	1466
405	1645
405	985
405	606
405	1620
405	193
405	258
405	593
405	1755
405	2060
405	460
405	412
405	842
405	1189
405	14
405	436
405	1689
405	1015
405	1386
405	1371
593	80
593	592
593	1364
593	985
593	842
593	14
593	436
648	981
606	409
628	1281
628	1435
628	1599
628	409
628	2030
294	1906
589	1980
589	683
581	1950
581	683
120	1325
120	2063
120	1435
120	1725
120	1236
120	32
120	1451
120	1678
120	1396
120	1332
120	842
120	1812
120	270
120	1469
120	564
120	1006
407	106
407	64
407	1045
407	7
407	931
407	1465
407	488
407	839
407	820
407	590
407	1168
407	1777
407	1400
407	1773
407	1653
407	1887
407	400
407	1493
407	1760
407	281
407	1996
407	1382
407	779
407	1174
407	2061
407	856
407	1162
407	1533
407	462
407	1854
407	1929
407	509
407	356
407	1537
407	1216
407	580
77	1724
77	7
77	180
77	1835
77	1382
77	2061
77	1490
77	617
77	156
77	956
576	1328
576	955
576	1522
576	888
576	7
576	488
576	839
576	1604
576	2008
576	1439
576	1318
576	2020
576	180
576	759
576	1950
576	904
576	590
576	388
576	2063
576	340
576	1147
576	1608
576	1260
576	1204
576	1883
576	1695
576	21
576	300
576	1887
576	517
576	719
576	2001
576	2032
576	1493
576	1714
576	918
576	284
576	1065
576	1174
576	810
576	434
576	856
576	1323
576	1162
576	1033
576	1614
576	1490
576	1533
576	1871
576	233
576	1854
576	1897
576	908
576	362
576	1951
576	1537
576	580
576	47
370	615
370	1465
370	820
370	1653
370	2003
370	393
370	779
370	149
370	1975
85	1437
85	1541
85	397
381	671
616	418
616	618
505	537
505	904
505	1170
505	958
505	2003
505	398
505	1859
505	1040
275	524
189	2063
189	844
189	1445
189	136
309	1766
309	413
309	736
309	536
309	882
309	1035
309	874
309	813
309	531
309	359
309	1765
309	320
309	625
165	708
165	1713
165	397
198	1492
198	1074
198	733
198	2063
198	1673
198	1243
198	1161
198	1773
198	969
198	1681
198	1225
198	411
198	1714
198	1018
198	953
198	1735
198	258
198	799
198	1755
198	864
198	1436
198	725
22	1516
22	725
551	1009
551	718
551	1714
551	725
527	1578
527	1658
527	736
527	2063
527	181
527	2014
527	619
527	1069
527	1679
527	397
527	873
527	476
527	1701
527	625
527	605
95	1751
194	1658
217	1394
217	942
466	1234
230	410
230	1946
230	1537
203	971
203	281
203	1323
520	754
520	65
520	418
520	72
520	151
520	2063
520	1271
520	777
520	1095
520	1447
520	1714
520	1481
520	663
520	836
520	57
520	246
520	1466
520	281
520	1475
520	493
520	1929
89	130
89	591
89	1328
89	328
89	685
89	1031
89	888
89	1989
89	390
89	537
89	2016
89	1112
89	1345
89	1617
89	2008
89	709
89	1439
89	754
89	1318
89	1943
89	483
89	166
89	1525
89	1864
89	65
89	1578
89	734
89	1049
89	1496
89	218
89	87
89	1284
89	990
89	1798
89	1994
89	365
89	418
89	1242
89	1296
89	1300
89	656
89	72
89	1766
89	1950
89	553
89	602
89	299
89	522
89	428
89	9
89	1455
89	880
89	151
89	612
89	1014
89	1981
89	1024
89	388
89	798
89	1658
89	1269
89	280
89	2063
89	1822
89	1728
89	340
89	1067
89	423
89	910
89	825
89	1982
89	785
89	971
89	1823
89	1271
89	1260
89	139
89	1193
89	905
89	1282
89	1524
89	1564
89	252
89	1663
89	353
89	603
89	2036
89	718
89	1773
89	465
89	40
89	1420
89	1574
89	1924
89	865
89	1013
89	229
89	1695
89	1132
89	2059
89	585
89	1447
89	1392
89	1966
89	1713
89	517
89	1840
89	1470
89	635
89	912
89	1711
89	1850
89	2027
89	1036
89	950
89	657
89	1681
89	1432
89	2006
89	431
89	504
89	1259
89	600
89	1493
89	1980
89	1835
89	822
89	1714
89	1481
89	124
89	1227
89	398
89	1059
89	663
89	439
89	836
89	527
89	1521
89	801
89	1407
89	57
89	717
89	246
89	1761
89	1466
89	1645
89	281
89	855
89	1475
89	1177
89	284
89	1382
89	1824
89	541
89	380
89	1829
89	1917
89	938
89	588
89	1065
89	1320
89	1456
89	1107
89	290
89	210
89	1174
89	1772
89	73
89	1735
89	192
89	673
89	161
89	887
89	2050
89	234
89	816
89	2053
89	979
89	598
89	51
89	1160
89	720
89	584
89	387
89	1961
89	1975
89	1369
89	2061
89	1667
89	560
89	258
89	863
89	52
89	1331
89	827
89	134
89	891
89	1323
89	1044
89	1037
89	1200
89	1162
89	1698
89	25
89	1100
89	98
89	1859
89	1801
89	1601
89	1093
89	1173
89	1308
89	493
89	41
89	443
89	1533
89	303
89	723
89	1571
89	1715
89	1929
89	1540
89	989
89	375
89	753
89	1851
89	1425
89	208
89	1670
89	725
89	156
89	1418
89	486
89	1104
89	136
89	1235
89	747
89	577
89	2013
89	1782
89	1931
89	679
89	1055
89	384
89	1464
89	1118
89	847
89	1347
89	1884
89	701
89	1386
89	625
89	1371
89	1587
272	365
272	936
272	880
272	1667
536	374
536	1918
536	1786
536	1513
536	1178
536	420
536	1008
536	94
536	1968
536	1753
536	1114
536	266
536	1432
536	1403
536	1377
536	519
536	1565
536	1976
536	1948
536	358
536	1064
536	1692
536	1315
536	1880
536	406
536	1733
536	1827
536	742
536	803
622	1065
622	258
622	1290
13	1291
13	910
13	719
13	1404
13	592
13	984
13	1364
13	82
13	116
13	1512
13	354
13	397
101	719
101	82
169	719
169	82
169	1512
565	910
565	1405
565	1404
565	1231
565	592
565	640
565	984
565	511
565	1706
565	1875
565	843
565	1364
565	917
565	256
565	778
565	764
565	398
515	1405
515	1404
515	1231
515	592
515	640
515	984
515	511
515	1706
515	1875
515	843
515	1364
515	917
515	256
515	778
515	764
149	1405
149	1404
149	1231
149	592
149	640
149	984
149	511
149	1706
149	1875
149	843
149	1364
149	917
149	256
149	778
149	764
585	1950
38	1465
38	372
38	356
273	527
273	1696
232	1475
232	729
310	1498
310	946
310	1457
310	1300
310	553
310	330
310	812
310	1260
310	1262
310	139
310	583
310	1272
310	246
310	1128
310	445
310	432
310	1475
310	516
310	193
310	639
310	169
310	749
310	1793
310	1932
310	740
310	887
310	1894
310	1831
310	2000
310	922
310	1277
310	156
310	625
60	1128
683	583
683	1238
683	659
683	1475
683	516
683	1837
683	1456
683	290
683	867
683	258
683	1484
683	1108
683	625
683	1593
80	1021
80	631
80	87
80	1876
80	1370
80	1950
80	590
80	812
80	2063
80	340
80	1805
80	59
80	2031
80	1654
80	1307
80	1421
80	918
80	1174
80	1220
80	156
80	0
80	1843
423	130
423	1712
423	1492
423	1777
423	1608
423	1161
423	1420
423	2003
423	1681
423	411
423	1466
423	1722
423	678
423	2037
423	1905
423	1947
423	725
423	361
280	1708
280	1658
280	1323
204	1708
204	1328
511	1439
511	1417
511	1269
511	971
511	1749
511	800
511	246
511	1466
511	1645
511	985
511	1541
511	973
300	1531
452	134
682	745
588	1103
588	1799
588	1162
592	1345
592	1549
592	249
592	1794
592	1489
592	996
592	940
592	509
592	1413
592	1119
445	2038
445	353
445	310
445	406
199	566
199	1684
199	1160
308	566
308	1160
29	1439
29	87
29	456
336	1475
529	591
529	566
529	1895
529	1691
529	1950
529	1658
529	2063
529	1452
529	340
529	1083
529	910
529	1165
529	1732
529	800
529	111
529	216
529	1714
529	57
529	1829
529	1174
529	75
529	1879
529	1047
529	1590
529	493
529	2002
529	1851
529	747
529	2013
529	605
651	1621
651	2063
651	99
644	1658
644	1593
161	69
282	1014
507	1871
629	252
629	1238
629	362
64	1439
64	2063
116	7
116	820
116	1480
116	1009
116	553
116	2063
116	1982
116	1731
116	2003
116	788
116	513
116	275
116	1990
116	1174
116	114
116	1698
116	1533
116	1851
116	1627
116	1235
116	625
208	820
208	1480
208	1439
208	1009
208	681
208	2063
208	1723
208	1982
208	788
208	132
208	275
208	1409
208	114
208	1533
208	1627
208	1235
208	994
630	736
630	2063
630	1723
630	1493
630	937
630	77
630	1627
630	1868
327	1898
327	1751
206	1328
206	1717
206	1950
206	1898
206	1658
206	2063
206	1751
206	639
166	1898
166	1751
7	1658
7	1389
7	724
7	1616
7	1850
7	504
7	1468
7	833
521	1898
521	1658
521	1389
521	1616
521	1564
521	2036
521	112
521	918
521	1241
521	1402
521	1174
521	1268
256	482
470	1950
486	324
486	452
486	27
486	1030
486	33
486	983
486	1967
486	326
486	274
486	1387
623	1367
623	1827
611	1502
611	1850
611	814
611	1304
259	1492
259	1143
259	1325
259	1950
259	1725
259	1236
259	1451
259	1678
259	1541
259	210
259	1462
259	771
259	1847
259	1126
259	1332
259	1827
259	405
660	189
660	1873
660	1664
660	417
660	1595
660	1885
660	887
398	1039
109	1394
109	1950
109	1269
109	2063
39	1345
39	1569
39	1269
39	2063
39	1822
39	324
39	825
39	503
39	1970
39	983
39	326
39	58
39	309
39	862
39	23
145	130
145	591
145	408
145	746
145	1492
145	1328
145	566
145	1702
145	100
145	1545
145	1061
145	533
145	1993
145	756
145	1522
145	654
145	1552
145	236
145	1922
145	1989
145	482
145	1498
145	1542
145	2016
145	178
145	473
145	1053
145	860
145	820
145	1133
145	1787
145	1619
145	1079
145	1333
145	1604
145	1090
145	1869
145	260
145	1349
145	1617
145	267
145	1819
145	709
145	1439
145	483
145	1578
145	1672
145	349
145	1478
145	1049
145	471
145	1826
145	8
145	1248
145	87
145	180
145	759
145	2062
145	990
145	418
145	72
145	1394
145	1950
145	553
145	175
145	1046
145	868
145	172
145	1256
145	9
145	1089
145	1898
145	388
145	828
145	1652
145	1939
145	1389
145	1754
145	1269
145	280
145	2063
145	1170
145	1751
145	1723
145	78
145	1902
145	1889
145	1576
145	1168
145	1067
145	420
145	102
145	1984
145	1853
145	225
145	724
145	324
145	228
145	423
145	825
145	1982
145	845
145	957
145	1193
145	714
145	905
145	1919
145	1616
145	1282
145	2045
145	1663
145	1731
145	718
145	1955
145	1359
145	1257
145	1420
145	770
145	1574
145	2003
145	1907
145	567
145	308
145	1353
145	341
145	1520
145	1234
145	1792
145	1265
145	452
145	1695
145	261
145	336
145	788
145	453
145	708
145	850
145	960
145	935
145	1988
145	1447
145	808
145	769
145	1713
145	517
145	1270
145	1783
145	1840
145	988
145	969
145	619
145	1684
145	1057
145	186
145	484
145	1342
145	1482
145	967
145	1488
145	1036
145	610
145	676
145	1568
145	1096
145	448
145	1056
145	1208
145	837
145	1432
145	1129
145	431
145	1693
145	504
145	544
145	10
145	105
145	1660
145	1656
145	1181
145	1650
145	789
145	1835
145	1758
145	1636
145	411
145	1138
145	650
145	1183
145	822
145	1714
145	1361
145	1630
145	1547
145	1760
145	1560
145	442
145	663
145	246
145	1722
145	1128
145	281
145	554
145	1633
145	614
145	220
145	1002
145	347
145	1340
145	921
145	1184
145	855
145	432
145	1022
145	1485
145	1298
145	1377
145	519
145	1041
145	1035
145	1551
145	693
145	410
145	1475
145	937
145	276
145	1190
145	1434
145	1427
145	1938
145	1337
145	1207
145	1890
145	704
145	1834
145	1803
145	927
145	1382
145	1837
145	711
145	1990
145	1824
145	1449
145	1125
145	1018
145	953
145	380
145	61
145	1806
145	16
145	77
145	1917
145	938
145	2033
145	588
145	1544
145	1477
145	1107
145	290
145	1117
145	1174
145	2055
145	2010
145	1105
145	1793
145	73
145	2007
145	1735
145	673
145	396
145	1210
145	2037
145	816
145	979
145	1441
145	230
145	760
145	1322
145	647
145	1976
145	1961
145	79
145	579
145	2009
145	1249
145	1005
145	534
145	510
145	716
145	103
145	1101
145	24
145	636
145	1791
145	1611
145	292
145	1847
145	1686
145	258
145	863
145	211
145	919
145	1676
145	5
145	285
145	114
145	479
145	399
145	251
145	1557
145	831
145	514
145	1810
145	1741
145	1323
145	1037
145	593
145	1162
145	1698
145	1927
145	1140
145	1648
145	954
145	1937
145	1614
145	1285
145	1861
145	315
145	1752
145	481
145	235
145	1533
145	1253
145	573
145	697
145	92
145	1474
145	1830
145	1609
145	548
145	462
145	871
145	1395
145	1016
145	1122
145	897
145	609
145	1920
145	306
145	1571
145	117
145	1192
145	412
145	1781
145	226
145	617
145	1929
145	1638
145	611
145	842
145	902
145	392
145	1811
145	1189
145	940
145	1072
145	696
145	1657
145	903
145	1278
145	1586
145	474
145	1851
145	1425
145	1771
145	1154
145	1627
145	1206
145	1945
145	406
145	725
145	1642
145	156
145	320
145	765
145	391
145	14
145	1418
145	427
145	1235
145	747
145	2013
145	679
145	1055
145	1017
145	2051
145	1682
145	56
145	854
145	1312
145	31
145	651
145	909
145	1099
145	1817
145	477
145	625
145	405
145	97
145	707
145	605
145	1587
383	1046
383	1822
383	1234
383	411
383	380
383	1174
383	1707
383	436
602	130
602	1205
602	482
602	1498
602	174
602	1604
602	1578
602	1457
602	349
602	1478
602	1248
602	2062
602	1950
602	1046
602	1089
602	388
602	828
602	1389
602	2063
602	1751
602	1723
602	78
602	1168
602	1067
602	1984
602	324
602	423
602	825
602	905
602	1919
602	1731
602	1359
602	1257
602	770
602	1574
602	441
602	341
602	1520
602	1234
602	708
602	928
602	1988
602	1270
602	1840
602	1684
602	676
602	448
602	504
602	1660
602	411
602	1760
602	1560
602	442
602	347
602	921
602	1184
602	1035
602	1475
602	1938
602	1337
602	986
602	1803
602	1382
602	1824
602	953
602	380
602	2033
602	290
602	1410
602	73
602	2007
602	673
602	979
602	598
602	1976
602	2009
602	1249
602	1686
602	863
602	1648
602	954
602	1752
602	481
602	548
602	458
602	1571
602	1715
602	2021
602	1586
602	208
602	435
602	1945
602	156
602	320
602	2051
602	436
602	1682
602	854
602	1817
602	625
241	1570
241	1578
241	1950
241	708
241	1684
241	1035
241	953
241	510
271	324
220	1297
220	1658
220	1475
220	1174
220	73
220	863
220	2022
220	235
220	1637
220	392
428	140
113	135
113	2026
113	1457
113	1478
113	418
113	72
113	172
113	1591
113	880
113	975
113	59
113	1260
113	596
113	331
113	1825
113	30
113	489
113	1558
113	1749
113	1940
113	583
113	585
113	780
113	914
113	988
113	1225
113	223
113	597
113	836
113	801
113	57
113	985
113	445
113	470
113	855
113	432
113	1018
113	889
113	1544
113	2010
113	1718
113	1553
113	1003
113	1865
113	1237
113	450
113	1468
113	1499
113	907
113	593
113	1804
113	1644
113	934
113	1952
113	747
113	1913
113	97
498	880
492	1645
663	1475
663	1975
532	127
532	1703
532	1465
532	1318
532	759
532	1168
532	225
532	769
532	1713
532	1374
532	632
532	247
532	1719
532	1493
532	220
532	704
532	1934
532	50
532	1005
532	1419
532	864
532	36
525	130
525	265
525	1215
525	1808
525	769
525	1713
525	632
525	247
525	344
525	704
525	976
525	50
525	1060
525	1343
525	1419
525	285
525	1306
525	1050
684	1497
684	1067
684	277
684	109
684	1196
684	1087
684	1148
684	849
684	1829
684	1107
684	290
684	1174
684	740
684	258
684	1972
684	655
684	1997
684	1533
684	1135
684	279
684	415
32	1506
32	175
32	406
207	886
207	1390
207	1587
141	290
668	955
668	1787
668	709
668	418
668	1300
668	1473
668	1591
668	880
668	151
668	798
668	807
668	1067
668	1461
668	905
668	1919
668	1524
668	229
668	1695
668	1713
668	914
668	53
668	882
668	1684
668	1488
668	1867
668	1567
668	1493
668	683
668	1714
668	223
668	124
668	1227
668	398
668	750
668	663
668	57
668	447
668	1144
668	1466
668	281
668	1485
668	1113
668	1182
668	1177
668	642
668	1456
668	1174
668	1833
668	2007
668	2063
668	2053
668	1572
668	598
668	51
668	1976
668	176
668	875
668	251
668	134
668	1162
668	96
668	1644
668	1715
668	989
668	156
668	486
668	1523
668	701
668	803
668	287
252	418
252	223
252	124
252	2053
252	1162
252	126
252	1644
252	934
307	653
307	130
307	329
307	390
307	1439
307	1318
307	1578
307	1798
307	418
307	1950
307	553
307	429
307	1785
307	1658
307	1269
307	2063
307	1170
307	404
307	340
307	102
307	550
307	1271
307	777
307	714
307	353
307	718
307	1214
307	947
307	1695
307	1988
307	248
307	1713
307	719
307	882
307	296
307	968
307	1647
307	1488
307	950
307	743
307	1750
307	1660
307	1493
307	1409
307	111
307	959
307	1714
307	1429
307	398
307	913
307	663
307	487
307	717
307	246
307	661
307	1466
307	281
307	1113
307	1182
307	1337
307	1834
307	1559
307	1084
307	1829
307	2054
307	938
307	1065
307	1171
307	1107
307	290
307	210
307	1721
307	1174
307	1833
307	2007
307	192
307	1354
307	966
307	1038
307	1572
307	598
307	51
307	459
307	1976
307	626
307	965
307	893
307	176
307	407
307	1442
307	1323
307	1162
307	25
307	1100
307	263
307	1764
307	463
307	1093
307	862
307	226
307	1715
307	696
307	68
307	1851
307	1627
307	156
307	2013
307	85
307	505
307	994
307	1099
307	625
307	809
276	398
276	1466
276	1572
276	598
276	176
276	2049
276	1765
276	1715
457	1318
457	1950
457	553
457	1723
457	524
457	1915
457	86
457	398
457	696
457	668
352	1318
352	1950
352	524
352	398
352	1069
218	1552
218	1498
218	2026
218	1798
218	727
218	929
218	880
218	550
218	1388
218	423
218	910
218	353
218	40
218	832
218	1933
218	1180
218	1203
218	249
218	1341
218	447
218	1645
218	445
218	1976
218	688
218	1162
218	359
218	493
218	1517
218	1158
218	1900
218	226
218	1952
339	57
93	457
388	1547
237	2063
237	752
237	1811
496	2063
72	2063
533	699
533	2
533	330
533	453
533	1742
533	1851
605	1787
605	1439
605	483
605	1766
605	2063
605	1271
605	442
605	281
605	1453
605	1384
363	1483
317	2063
317	1751
209	2024
33	1784
33	1853
33	1073
33	1820
33	398
33	663
33	1341
33	1645
33	1247
90	2063
90	1751
351	1751
351	1596
351	461
351	1566
351	1360
577	1658
467	904
353	1479
353	237
353	1049
353	633
353	1658
353	280
353	2063
353	971
353	1379
353	82
353	797
353	430
390	591
390	1439
390	1578
390	1950
390	1898
390	1431
390	1070
390	1953
390	1198
390	513
390	757
390	895
390	698
390	177
390	1905
390	1323
390	697
390	15
390	625
390	405
390	1843
360	591
360	100
360	1578
360	1977
360	757
360	1935
360	1162
360	1832
543	1019
18	67
18	354
18	677
530	625
546	751
546	1160
443	1391
443	1209
443	654
443	1552
443	1787
443	1617
443	1439
443	2020
443	1766
443	776
443	1658
443	2063
443	1067
443	1534
443	620
443	423
443	1335
443	1849
443	1549
443	1852
443	150
443	1510
443	1695
443	708
443	1988
443	1713
443	502
443	1488
443	1669
443	1561
443	1660
443	1737
443	1493
443	1758
443	1183
443	451
443	554
443	693
443	410
443	1427
443	675
443	1944
443	1563
443	290
443	1174
443	1105
443	2007
443	1768
443	1322
443	863
443	1676
443	799
443	1323
443	1162
443	1025
443	1830
443	1011
443	1929
443	902
443	291
443	903
443	406
443	320
443	625
482	1522
482	1335
482	1543
482	708
482	307
343	2063
343	1094
343	1510
343	708
343	157
343	290
343	1387
343	291
534	2063
534	1584
534	398
534	2007
534	399
534	1213
8	653
8	3
8	1355
8	842
8	1425
8	56
519	1549
430	759
430	904
430	736
430	181
430	397
430	1327
430	56
136	142
377	23
377	613
326	221
558	1533
558	1638
301	1534
301	1947
286	1534
286	114
637	1894
99	389
99	164
69	246
550	591
550	1621
550	390
550	1965
550	2016
550	869
550	473
550	90
550	1408
550	1368
550	709
550	237
550	1439
550	1318
550	1229
550	1009
550	1578
550	535
550	1049
550	766
550	218
550	138
550	87
550	759
550	733
550	1394
550	1766
550	494
550	1950
550	776
550	736
550	1730
550	1269
550	2063
550	1170
550	1218
550	1228
550	206
550	333
550	1335
550	1631
550	1233
550	1725
550	1933
550	1695
550	1252
550	1713
550	1846
550	882
550	395
550	42
550	32
550	1106
550	2001
550	520
550	1301
550	431
550	789
550	2018
550	1481
550	1630
550	1560
550	1051
550	1882
550	838
550	1829
550	120
550	77
550	1917
550	1541
550	1065
550	290
550	73
550	2043
550	1038
550	932
550	943
550	468
550	1582
550	1774
550	1527
550	919
550	1103
550	1156
550	1137
550	1775
550	1323
550	25
550	1373
550	1648
550	1937
550	313
550	2060
550	367
550	1710
550	1433
550	1921
550	1187
550	786
550	1668
550	1424
550	980
550	1851
550	833
550	577
550	2013
550	1928
550	56
550	578
550	15
550	625
550	605
550	1334
495	709
495	2063
495	945
495	1124
495	1846
495	1923
495	599
425	280
368	1408
368	709
368	237
368	1578
368	766
368	736
368	2063
368	1846
368	1527
368	1851
610	880
610	1642
610	625
508	428
508	880
508	1024
508	798
508	18
508	438
508	1362
312	201
312	405
63	1519
288	1145
266	280
74	1475
42	553
70	702
297	1950
297	2063
403	1226
403	1695
403	1472
328	1299
30	278
30	537
30	1439
30	1898
30	1658
30	1389
30	923
30	1725
30	1463
30	572
30	1988
30	1850
30	2001
30	1714
30	1973
30	710
30	589
30	889
30	712
30	1065
30	290
30	1736
30	382
30	2025
30	156
638	278
638	1898
638	1658
638	1389
638	923
638	1725
638	572
638	1988
638	1850
638	2001
638	1714
638	1973
638	710
638	290
638	1736
638	1842
638	382
638	2025
413	1549
559	508
524	591
524	2012
524	625
587	1505
587	561
40	130
40	1989
40	1254
40	1465
40	141
40	900
40	1495
40	1766
40	1019
40	1822
40	369
40	905
40	1631
40	2036
40	718
40	1773
40	467
40	1840
40	780
40	1155
40	186
40	288
40	1493
40	398
40	1002
40	976
40	807
40	1380
40	667
40	579
40	1894
40	1667
40	1289
40	307
40	1162
40	1100
40	1601
40	491
40	1304
40	1533
40	1423
40	1830
40	458
40	1903
40	1586
40	1851
40	1627
40	859
40	1357
40	1501
40	56
501	130
501	1254
501	1465
501	141
501	900
501	1979
501	1495
501	1019
501	1822
501	369
501	1067
501	905
501	1631
501	603
501	2036
501	718
501	1840
501	780
501	186
501	1493
501	1615
501	976
501	1380
501	579
501	1894
501	1667
501	1289
501	1162
501	1100
501	1830
501	1586
501	1851
501	1627
501	859
501	833
501	1357
501	1501
124	1170
556	1345
556	1366
556	1009
556	658
556	665
556	350
556	1046
556	1658
556	2063
556	1170
556	1460
556	353
556	1773
556	571
556	1420
556	770
556	1574
556	2003
556	705
556	1622
556	1695
556	708
556	917
556	1560
556	663
556	836
556	246
556	281
556	893
556	1905
556	1739
556	618
556	1484
556	697
556	361
556	539
556	1412
556	515
556	1216
41	1128
25	2
25	987
25	1248
25	1950
25	1170
25	958
25	1179
25	2036
25	1836
25	1630
25	231
25	973
25	658
25	1618
25	625
662	591
662	1345
662	1439
662	350
662	904
662	1046
662	828
662	1034
662	1658
662	2063
662	848
662	333
662	714
662	563
662	1295
662	718
662	1695
662	155
662	504
662	1069
662	1630
662	1547
662	1722
662	855
662	1475
662	1606
662	1102
662	1080
662	647
662	525
662	1739
662	581
662	1278
662	1851
662	833
662	1119
662	245
662	625
662	809
662	1081
148	480
148	1562
148	1868
562	643
562	896
562	709
562	1760
562	744
131	418
131	353
131	852
131	1575
131	823
131	565
131	691
131	421
131	281
131	2053
131	1160
131	831
131	1044
131	1929
131	625
131	1588
432	631
432	1428
432	337
432	1292
364	880
364	708
598	880
598	708
88	591
88	1989
88	1700
88	1766
88	264
88	12
88	1658
88	366
88	1957
88	2036
88	1695
88	708
88	572
88	1713
88	645
88	77
88	983
88	1456
88	290
88	1818
88	933
88	478
88	697
88	379
88	668
88	2012
88	56
314	318
314	685
314	1167
314	1869
314	483
314	122
314	1994
314	522
314	1168
314	1067
314	910
314	497
314	881
314	2036
314	770
314	1852
314	1594
314	1695
314	708
314	104
314	1713
314	780
314	437
314	892
314	247
314	1155
314	2057
314	464
314	840
314	1693
314	800
314	1364
314	249
314	421
314	1227
314	398
314	57
314	1645
314	985
314	334
314	1485
314	821
314	704
314	752
314	594
314	2007
314	2053
314	1976
314	397
314	1399
314	1974
314	1842
314	269
314	1816
314	1781
314	940
314	312
314	562
314	1163
314	1425
314	1618
314	2013
314	1357
314	119
314	809
314	1371
314	1949
560	1439
560	1675
560	1394
560	1673
560	2036
176	2063
176	1723
104	1872
104	2063
178	2063
594	1751
594	1960
594	1146
594	148
500	1658
500	1255
500	1616
500	1132
500	1954
500	767
500	1136
500	1833
500	454
500	2017
302	1658
302	1616
302	1340
302	1110
302	405
139	1621
139	2063
139	1735
303	353
303	941
303	246
303	281
303	1048
303	1232
303	625
447	625
170	1621
170	1394
170	904
468	171
468	2028
468	1029
224	92
404	1360
306	281
44	63
44	1925
44	2058
44	1134
477	685
477	1751
477	1663
477	1488
477	220
477	210
477	647
477	2021
477	405
100	1952
48	951
636	130
636	178
636	829
455	1658
510	1393
248	1273
334	1950
334	354
334	943
334	625
537	1171
243	2063
243	1170
243	353
243	281
249	1936
249	478
91	280
91	913
434	1065
31	2063
31	2058
31	1134
96	591
96	1439